0.9999999818596078	0.9852157596957406	0.9862253303116664	0.9863561684582967	0.984824059817724	0.9892177812461993	0.0	0.9898841284595495	0.9902456037704459	0.9756729980069418	0.5390814371042179	0.991326906216462	0.0	0.07828051036594602	0.4999917937849525	0.5000488314958198	0.4999173346988414	0.5000053525175544	0.4999918209048836	0.49998083283492056	0.5000043399174159	0.49999924334038953	0.5000165705186149	0.4999842326980414	
0.9930924961897709	0.999999989968728	0.9877920071750697	0.9866203238494962	0.9881321024551886	0.9875802164419291	0.16178487650881096	0.9910808038716254	0.36381710803259254	0.9867950632837499	0.04044310849513051	0.1282103769560876	0.9929709256952574	0.993049224921289	0.500067698553863	0.5000053958747612	0.5000229715863848	0.5000011931587601	0.49998573600312773	0.5000057300865046	0.49999527994171805	0.4999482560669653	0.5000560491666122	0.4998653553121808	
0.6782245662957496	0.9999999824949998	0.9871387396421281	0.9857878246566476	0.9873162008529686	0.33515177137018165	0.4766869874389476	0.27436999060055023	0.5661893765486892	0.9870566206198521	0.6434020590490211	0.9859927599381384	0.991101854133962	0.9929390001081695	0.5000402817655596	0.5000039290575298	0.4999845062534596	0.4999633959589122	0.4999274910630873	0.5000341056890085	0.4999969811946795	0.4997243847501038	0.500043132122388	0.5000043065544711	
0.9930924922834857	0.8724703930839598	0.9999999765498628	0.9886678965095429	0.094037052149362	0.9778613836380868	0.9875586853912611	0.9914090796802824	0.5724770175734522	0.9894510640149177	0.5345550029158959	0.9913701563585426	0.3908154599006153	0.9905802124341637	0.500005943537837	0.5000011992628147	0.49999255018441696	0.5000614667414203	0.49998891785281957	0.4999941331969027	0.5000778137990889	0.500046601746724	0.49977889617135424	0.4999656822167711	
0.8702384501550123	0.9930924945571767	0.9999999922375917	0.9870283735279756	0.9916534611066637	0.9917017539921974	0.9874070588388326	0.9569286322330913	0.9865760845143609	0.9736538315192664	0.9900903704360999	0.9910303134496258	1.0	0.6255184921752516	0.4999922474036505	0.500044214466033	0.5000302790389377	0.49999725771736364	0.49998947268459804	0.4999893479239264	0.500005772423729	0.4999804811759516	0.500004294360577	0.49992151707763627	
0.867053692655965	0.10402309059718137	0.9999999819230009	0.7621508397317267	0.9852226077770838	0.9855071000208819	0.6333013078241009	0.9881584303428529	0.08603834365802088	0.9890007364976191	0.988181165265065	0.6174635339361282	0.9922160002869203	0.9943442142538559	0.500002251368653	0.5000012377346646	0.49999774474590325	0.5000116909977202	0.5000046427302841	0.5000091607019532	0.5000258705741515	0.5000471534117935	0.4999808679310134	0.4999838545653916	
0.9930924926286383	0.8729796172800383	0.8730486469212535	0.9999999967353138	0.8232608175795478	0.9904905664940667	0.6124567842753781	0.24926751577377368	0.9891734743056554	0.9909397070664618	0.8212060559360387	0.4977735019953995	0.30948361204198677	0.992989327725876	0.4999639724875924	0.5000164563180376	0.5000033229212	0.5000141464460217	0.5000019639200247	0.499991849509323	0.49999666466369985	0.5000435803777535	0.499997667055689	0.4999997476758107	
0.8698692553596509	0.9930924991620724	0.8730749584756908	0.999999994217309	0.9431496901755205	0.6969521916608843	0.9874336056765278	0.4335842918640773	0.9909314715528819	0.9286854981115575	0.988679710585572	0.9901245162716426	0.6369731817672702	0.0	0.5000011095942539	0.5000050787220385	0.5000341709770519	0.5001934967582103	0.5000057501890965	0.4999989256759357	0.5000183647418148	0.4999606804624432	0.500022894632855	0.5000033066885087	
0.8695710473788804	0.8701284753104955	0.9930924968469069	0.999999991613267	6.766748788821525E-4	0.9868240336322431	0.9878461651475164	0.814099478008136	0.7663316410280019	0.9883688325882664	0.9887966357173912	0.9946979293196009	0.20440345431248957	0.9914096440171025	0.4999604947331098	0.5000010845500169	0.5000001421914032	0.5000372435298317	0.5000268243044769	0.4998970132486551	0.5000161452223231	0.5000565608908728	0.4999975706539051	0.5000028846330837	
0.8680987864686724	0.8646863503512854	0.8667125583620712	0.9999999883870042	0.17443574168036183	0.9870383788539014	0.9865122402927125	0.9863943924644273	0.9886608102210707	0.996019557520857	0.9906995199255118	0.45541594419453046	0.8086779879737193	0.9970783562629351	0.49999953035087674	0.49994757104778603	0.4999844582728553	0.4999776780128597	0.5000166268454451	0.500048260587095	0.4999977454622015	0.5000638696129187	0.5000023980235772	0.5000010994888797	
0.9930924964748525	0.8729789834963252	0.8730951023251559	0.8729900151357108	0.9999999998865956	0.5327135782721619	0.9917575657203405	0.08267349934629675	0.9883062451874067	0.9892951749767573	0.6634334027351743	0.18614859818586638	0.18448520883532438	0.33379507348977144	0.5000101594150624	0.5000391094811745	0.5000133105567725	0.49999470561043285	0.5000208281602775	0.5000104060892689	0.4999971146114793	0.4999721882809901	0.5000003553551282	0.4999892234394944	
0.8703816734375337	0.9930924958433056	0.8730587740670676	0.8730216654374084	0.9999999986754445	0.9935540534154574	0.6557760262221973	0.9721167378125403	0.8410333191270837	0.9224451046025941	0.07895139906151447	0.47823677021039074	0.46427488243209847	0.9877694325443614	0.5000070982750479	0.49997778884710686	0.5000005774069419	0.5000049749893402	0.49997867092847287	0.5000023816402293	0.4999887407239876	0.4999871146940468	0.49998927692269185	0.49996566783666424	
0.8700187097972716	0.8700230552023916	0.9930924956799339	0.8729916882644007	1.0	0.6217944655073622	0.9870825160125656	0.2980361094603715	0.9873872743763608	0.5722549938308729	0.7410251975440423	0.6354762647576963	0.9806983814600299	0.6389270984189821	0.5000077631281102	0.5000077191055492	0.4999929040093117	0.5000380679788811	0.49994944235408534	0.5000051829204888	0.4999909843848064	0.49996993838895853	0.49996768741791325	0.4998889620100614	
0.8700384201801956	0.870134087069513	0.869994274301031	0.9930924945940027	1.0	1.0	1.0	0.657003919615602	0.9002653400606923	0.5429021939106118	1.0	0.4093080163412396	0.5087059829978773	0.5055010298506442	0.500005326339565	0.5000090586796156	0.5000111887351139	0.5000185055272951	0.4999983125498328	0.49999476261444925	0.5000043741672838	0.5000001714580573	0.5000201985309766	0.49999142535752567	
0.8662025679072245	0.8694928978758517	0.86793044612063	0.8581023328112408	0.9999999867929944	0.9800642462871297	0.2823200767422009	0.9899674997356636	0.9902708509308638	0.8759073999823641	0.9926768782459429	0.36592981493256227	0.4411522346103895	0.29629152091749633	0.4999944199832703	0.500008340558714	0.49999035855965285	0.4999957470404019	0.5000035747509916	0.5000247727316772	0.499965929776004	0.500007887445846	0.4999870439407608	0.5000056185910996	
0.9930924956029048	0.8732766857253917	0.872409751673163	0.8725993703917153	0.8731457741583749	0.9999999885143772	0.8645776101058411	0.9924400901888975	0.9947982898190514	0.8284638804281294	0.215875268621544	0.9960303018314242	0.24664417516109416	0.6260778686715646	0.5000046953842886	0.5000635242143611	0.5000020071473451	0.5000300805530058	0.5000091782392897	0.49998737600677406	0.5000076197359888	0.4999414181397581	0.4999212895779962	0.5000023187787495	
0.8677729721467367	0.9930924940081081	0.8729449223766129	0.8729452545914914	0.8731050212389974	1.0	0.4599412427548067	1.0	0.8322954330949509	0.6390913324732483	0.8113604685664021	0.3930164066048577	1.0	1.0	0.5000011083620615	0.5000444853857688	0.4999914348468654	0.4999825045708268	0.5000367903183993	0.5000136945593908	0.5000038277484479	0.49996823368774507	0.5000130566910556	0.4999732860075224	
0.8706271379207983	0.8700711781594985	0.9930924956486799	0.870280523996289	0.8739024009607768	0.9999999857916204	0.992146680367009	0.17305089187302677	0.9913750606187605	0.8768938976458358	0.508170301148901	0.03919261311796735	0.0	0.7527704335702903	0.4999949365051799	0.5000163051260013	0.5000352596187774	0.5000599999500772	0.49992535047077774	0.4999323722084591	0.49998597464910904	0.49966272617251656	0.4998810012977937	0.4998902701151104	
0.8703709270077539	0.8693662054157875	0.8699920907847837	0.9930924946578369	0.8729501286951563	0.9999999917036039	0.976747775052081	0.7624011417391615	0.8058690703670677	0.2615878197647635	0.9559221278621721	0.6298070523591449	0.7646180455363966	0.0	0.500039957447358	0.49999637706838873	0.49998800264429594	0.5000014034000577	0.4999897752602531	0.5000081441334552	0.500035403539837	0.4999982356543088	0.4999935106593987	0.4999999868699495	
0.8700398151422857	0.8700707858762803	0.8699815382628922	0.8703787123344643	0.9930924983503474	0.9999999994660123	0.9560681348638822	0.14968870160092662	0.9970960617827852	0.9792834020802359	0.5164566375323776	0.13235380874724684	0.3568178517085385	0.42139920024269817	0.5000107840051131	0.5000199259374307	0.5000119402632943	0.4999942648308322	0.5000073534219204	0.4999960839112819	0.5001256988870074	0.5000111739896582	0.49999963511180795	0.5000069455870602	
0.4467039525292429	0.02449704099976298	0.8672809847284809	0.8671275438294673	0.8666296028485243	0.9999999885732482	0.6046437787920591	0.6158141508585064	0.0	0.9886728639513932	0.9916807154595153	0.982777252468328	0.9942651372465803	0.8462143411763401	0.5000976213284511	0.5000100739815971	0.5000008453028152	0.49998505029100276	0.49996524458313435	0.49999537115022413	0.5000001970443971	0.5000998422455196	0.5001119340764129	0.49997964174020215	
0.9930924937484367	0.8724165364315326	0.8732761978444991	0.8726841486151781	0.8725442707309589	0.6519835768212067	0.9999999881265791	0.9888876460723092	0.9886714574443394	0.9900622159901526	0.9937450742456815	0.9922195776147353	0.06138116534769092	0.9700974717206622	0.5000142217716737	0.5004947003361314	0.5000349025264348	0.4999273569813435	0.49999942368450967	0.499993201271643	0.5000003631318871	0.49992703455238285	0.49998511539419654	0.5000000929472813	
0.8700675256912596	0.99309249610364	0.8730835964107568	0.8724211541985855	0.8741859799285716	0.8730573337247364	0.9999999883263545	0.9885590153664197	0.9907982660628407	0.9951289473383397	0.2759984277520328	0.025194640084613765	0.7340017109580421	0.9334415763751447	0.49999391063478466	0.4999302497200128	0.5000003855780395	0.5000482928848494	0.500048594718171	0.4999451510429154	0.5000242478631439	0.5000098893902785	0.5000302749390256	0.4999319827534825	
0.8698801235579351	0.8697889427108351	0.9930924956380662	0.14834217380798134	0.8735982750588989	0.8705335720964273	0.9999999872990143	0.05348843150467797	0.9912483358081328	0.9901184900850999	0.9930956099736212	0.7960649964599169	0.06720989410544227	0.15448131032685788	0.5000064044145927	0.5000588793737921	0.5000135919261934	0.500030519897604	0.49998717787191954	0.49990080316638447	0.4999987261009545	0.4999995006204571	0.500008401605274	0.5000324017887513	
0.8701008435770732	0.8702766592094271	0.46598080304997996	0.9930924969718276	0.8745092577261494	0.8731200180078709	0.9999999856619032	0.9864737835819936	0.9871679966885653	0.9866229451880391	0.9892223521882626	0.25500734164894523	0.9873643340778985	0.9919706159532643	0.49998827579253347	0.5000070508619524	0.4999999041558817	0.50020086476848	0.49997670389768833	0.5001395253225387	0.5000002159077032	0.4999937692279849	0.5000435391256255	0.5000014703582853	
0.8701068358311855	0.8680946309146383	0.8699435440216032	0.8706940177990032	0.9930924983503474	0.8593718047153991	0.999999986105748	0.989990582747817	0.9881830054378208	0.9909639366754598	0.9944797590860304	0.998557287974468	0.5985109605222187	0.7315898045935693	0.4999620887312658	0.5000183860177334	0.5000292644929377	0.499907799661785	0.49998133952498885	0.5000126235122598	0.5000076666752604	0.5000110153654916	0.49992942137267027	0.4999999340688538	
0.8695508437193149	0.8579922614402764	0.8683911341644864	0.8706921217796412	0.43755725706091436	0.9930925065725345	0.9999999864422238	0.062374680622893766	0.47656023468266523	0.993302044510129	0.993758037930779	0.9900884809908121	0.13987932177592374	0.6681597690907163	0.49998499095215293	0.5000006258821122	0.49998943496905096	0.4999785116299185	0.5000665824475672	0.5000721464648428	0.5000104010691768	0.5000622648279569	0.5000162481232547	0.5000048109972266	
0.872259998262251	0.6811055794852329	0.8678100541491767	0.8667305711686357	0.8676170573300778	0.8701673407786062	0.9999999872780095	0.44866617610617715	0.9882231028766572	0.6026119230560892	0.9878511291957575	0.9893185572804332	0.9906126003929488	0.9939465143128201	0.5000441435190116	0.5000207766191883	0.49995763615434957	0.5000701967179025	0.5000103849183428	0.5000140626902826	0.4999922643166478	0.5000054726051302	0.4999892284769775	0.4999793838298897	
0.9930924959669853	0.8730129838730387	0.871893209289951	0.8738035043788732	0.8733952335075087	0.8714946721149476	0.8731355810760156	1.0	0.9812134579525223	0.7123187844586932	0.6907331439090737	0.5126740970194303	0.4709177204801642	0.5764684850853847	0.49999903753491065	0.5000256892084453	0.5000042442243082	0.4999875550168894	0.4999713702532406	0.5000221257494203	0.49999252505015057	0.5000069699231945	0.499991624424896	0.4999942870361564	
0.8697342317907893	0.9930924940081081	0.8728605338800679	0.8729126243360535	0.8731050212389974	0.8733312139387502	0.4614230585471766	1.0	0.9933379620441236	0.5722434404722179	0.8262700396925494	0.2968905810817541	0.8970948006993328	0.9771251441619465	0.49999748059826576	0.500046975160593	0.49999796804338315	0.5000018195400964	0.5000024575604726	0.5000209754383372	0.499999445184244	0.499989604736028	0.5000052179559554	0.49996069667133264	
0.8707482588797426	0.8697716756478364	0.9930924952481309	0.8749680537608356	0.8727093102075868	0.8729244522502921	0.8698957325145144	1.0	0.8722524245905358	0.8689975872347098	0.8598462655940371	0.8494196335439788	0.9795526662650699	0.952535845022937	0.49997056569608916	0.5000100596873943	0.499986043452343	0.4999632619955248	0.5000085624829375	0.4999803345571447	0.5000715529932193	0.5000149130558116	0.5000016399569777	0.499996088497098	
0.8694665719867753	0.8695919815998308	0.8703150455055096	0.9930924968942284	0.8715971309225206	0.8727896479021205	0.8739366980637211	0.9999999999999999	0.7674646049298787	0.28305243145345904	0.0013145874454596265	0.16024122266496546	0.9841739142548951	0.644483555026657	0.5000359849375783	0.4999972174928215	0.4999812898594492	0.4999587530454521	0.49998007077325163	0.5000579966328882	0.5000019874136449	0.5000110226471649	0.4999778986081432	0.49998807971482245	
0.8701036644474774	0.8700514390198583	0.8707967758011532	0.8699864662731395	0.9930924952318342	0.2857684922204934	0.8731333060099185	1.0	0.8302071528926417	0.957419418685191	1.0	1.0	1.0	1.0	0.5000210508989572	0.5000368699986294	0.5000166681549791	0.5000099515076223	0.4999945806877571	0.500012545329435	0.499992100036884	0.5000304463601453	0.49998573022958703	0.5000383040311281	
0.8707039752805421	0.8716230631229823	0.5071976822864349	0.8701527391349463	0.8702303078832396	0.9930924964404082	0.8697708623347224	1.0	0.858186971906102	0.871144031871883	1.0	1.0	0.1414628025169523	0.966727951053408	0.4999275265623192	0.50002327217792	0.5000473094193857	0.49998682664316013	0.49996219723839763	0.4999983610874343	0.5000191205005686	0.5000652451332632	0.4999970939990009	0.5000375093429336	
0.8706355530074168	0.8699001763999767	0.8688160418039872	0.87647610179505	0.8703242549655563	0.8551659029419306	0.993093915006094	1.0	0.8730775041205461	0.0	1.0	0.46161243288337295	0.48997259819386874	1.0	0.4999992700505427	0.5000021519751934	0.4999498065419937	0.4999976059891337	0.5000537973277749	0.49999838712253336	0.49996208537762804	0.4999871571122308	0.49997025516567273	0.5000046279415491	
0.8666186268090085	0.8675311349549344	0.8667589845820476	0.8670227307883318	0.8671182113882716	0.4273012395421108	0.8671216014844981	1.0	0.0	0.966836027334676	0.7590521473873815	0.8344849020186651	0.0	0.21147411273081274	0.49996431306833083	0.5000085445321069	0.5000020448518491	0.49999494034426395	0.500004777009115	0.4999999644763349	0.5000180868887062	0.49999462172412196	0.5000169688880006	0.5001003592300078	
0.9930924948305656	0.8733112242753447	0.8733474869045844	0.8730997850208096	0.8683017106229596	0.8742022770393452	0.8731355810760156	0.8683705322830472	1.0	0.8727706227122894	1.0	0.07795756932747583	0.011809797972122962	0.8724031205912379	0.4999817929085039	0.5000201590479902	0.5000011741309741	0.5001170418578543	0.4999691891427515	0.5000284234048304	0.5001660285190235	0.49996918230354526	0.5000631090208773	0.4999769588640922	
0.8704440097307581	0.9930924944704549	0.8728871959964822	0.8729938686142187	0.8726679960708198	0.8733536388238383	0.3690706610186533	0.872145486162172	1.0	0.6793163721042221	0.6445030380985909	1.0	0.8956421732871855	1.0	0.5000074450579804	0.5000560451168666	0.500016336680202	0.4999829296463446	0.5000121208550395	0.5000179712324513	0.49997946845773206	0.49999931552249066	0.5000230010336039	0.4999984123264272	
0.8705673097058303	0.8695294482420783	0.9930924954035683	0.8749680537608356	0.8733380919992929	0.8721810769390925	0.8762504786423545	0.872943917762628	1.0	0.9962383529992618	0.9921367327854475	0.5426663744013495	0.7299650761978429	0.77864080774263	0.49999994338564585	0.5000100596873943	0.5000427109750909	0.4999638827070529	0.5000018651425582	0.5000042276354404	0.5000656043091128	0.500019733876992	0.4999890265261707	0.4999579013131915	
0.8701177765242902	0.7622793676724231	0.8711380389319576	0.993092492615897	0.8729356217250475	0.8726059816665738	0.8729817558899147	0.08189950075234384	1.0	0.8704064403884835	0.8736672605725276	0.8726779910334239	0.8716448857441706	0.8730629955413275	0.4999953056810324	0.499961613540893	0.5000385097312983	0.49992543977962484	0.5000432018061621	0.5000091198749433	0.5000022944302094	0.5000331163342295	0.5000405336974502	0.4998517603969331	
0.8701036644474774	0.8701833376964333	0.8710493624987825	0.8699864662731395	0.9930924952318342	0.26251102035402374	0.8731333060099185	0.8734511627947014	1.0	0.7632541519019148	0.9246038925406495	0.8658925904454586	1.0	0.8288645530801049	0.5000174707136433	0.5000156300093507	0.5000167930120702	0.49999283321079757	0.4999775971399465	0.5000123875658153	0.4999843841280127	0.5000318024601034	0.49998276312589873	0.5000531566482376	
0.3571047258446534	0.8693553375824529	0.8704244888046163	0.8695651554569193	0.8694791443888806	0.9930924963892173	0.873236845388882	0.873280233048269	1.0	0.9999999999999997	0.9707394885739149	0.24997849960378837	0.21866117391131112	0.5337448305676363	0.5000053534814929	0.5000167392434067	0.4999430891138552	0.4999749922814277	0.5000060855749784	0.49999686002104005	0.500036928867539	0.5000546549298419	0.5000101618258701	0.5000220125741344	
0.8718473791573671	0.8699745118403628	0.8705151679285676	0.8704100070621792	0.8701875655507294	0.8711354927204528	0.9930939178593206	0.8748618148956914	1.0	0.974151055473272	0.8954210139303703	0.41674474617084456	1.0	0.9543016983604925	0.49998071589026444	0.5000011563484867	0.49994048984666173	0.49999846337639076	0.4999708334829885	0.5000039247654249	0.4999649146289912	0.4999860746281278	0.5000039038170284	0.5000002227071791	
0.4994845230866987	0.8713165735575676	0.8711136170801531	0.8703756154273189	0.8703077929403139	0.8698807048053171	0.8704645755347767	0.9930925058657424	1.0	1.0	0.26426805152567445	0.5259781998823396	0.822759943591026	0.9746911572061672	0.49978684278042673	0.5001335966201863	0.4999493809374613	0.5000080769725205	0.49999174601144614	0.4999701747711156	0.4999916515302538	0.49993557409232503	0.49998219139846367	0.5000305342075744	
0.8675445075189766	0.30030967758494626	0.8660095743462068	0.8670212031557718	0.8672740963763739	0.8675611894777001	0.8640074768495799	0.8671761278822238	0.9999999998914283	0.3897202145754228	0.9862996698973012	0.9924419130539304	0.9920283977366298	0.6144195799352052	0.49999770330746507	0.5000042123148648	0.5000255963069105	0.49994883892753067	0.49998627792223466	0.49996302244387236	0.500001840289634	0.5000026123988431	0.5000018506332337	0.49999263671695704	
0.9930924954037305	0.8732329144634525	0.8729770246962293	0.8729962112847539	0.8712351934359546	0.8751102640853198	0.8727753445660928	0.8727740357341389	0.8725539165798974	1.0	1.0	0.5572268680462733	0.3489112813618504	0.9991475023662117	0.49992632837351153	0.500026910968861	0.5003126336856605	0.5000178260643462	0.4999939746724543	0.5000045156677102	0.5000182867488776	0.4999750458744436	0.4999811688154261	0.500173107743084	
0.8704440097307581	0.9930924939131417	0.8728314803057187	0.8729725578419022	0.8734315834014593	0.8733536388238383	0.6005483193932	0.8722712426099999	0.8719180432807374	1.0	1.0	1.0	1.0	1.0	0.4999782056090881	0.5000105948995063	0.5000070716791167	0.49997528072662994	0.5000169268303803	0.50001283557045	0.4999794251881037	0.49999429078175267	0.49999950787100944	0.4999392472647503	
0.8701821234649034	0.8715559083145519	0.9930924954035683	0.8749680537608356	0.8733380919992929	0.8724711120558987	0.876368203974197	0.872943917762628	0.8720526936188293	1.0	0.9907745099214026	0.5426663744013495	0.7299650761978429	0.77864080774263	0.49999994338564585	0.49999455033651347	0.5000161566138137	0.49996365098915685	0.5000069157232215	0.5000042276354404	0.5000853024791683	0.5000235666164597	0.4999890265261707	0.4999579013131915	
0.8699865679281115	0.8669764933303767	0.8701747093244409	0.9930924934378058	0.873065792500751	0.87331256794829	0.8721581204042694	0.028959718279873647	0.8711886305178164	1.0	1.0	0.2113713715578212	0.4397839808307507	0.5421529284451833	0.4999724466993058	0.49997113982032626	0.5000294916542696	0.5000226823205454	0.4999911788047702	0.5000688472983773	0.5000018941760158	0.5000187978132008	0.4999470498427331	0.5000382259705921	
0.870228666374496	0.8700041676430649	0.8701002805016871	0.8699864662731395	0.993092496044331	0.0	0.873096822754818	0.873425706918672	0.8728391094324954	1.0	0.8726384605425087	1.0	0.7903576699404524	1.0	0.49999859597549534	0.5000185420178223	0.499996233228722	0.50008327698639	0.49998993142969567	0.5000750074466137	0.5000079424173874	0.5000031580559138	0.499986597391777	0.5000076341622957	
0.0	0.8677139058730124	0.8704244888046163	0.8693936945022592	0.8700804166745777	0.9930924963892173	0.8734383936825785	0.873280233048269	0.8701560867635657	0.9999999999999997	0.9654908354569237	0.06838507484630507	0.141770890860554	0.2587787278996455	0.5000053534814929	0.5000178046543752	0.4999318138213762	0.4999746151286351	0.5000080926708974	0.4999831459201778	0.5000100536184546	0.5000546549298419	0.500008516424212	0.4999326771956935	
0.36633562206232817	0.8709290818324436	0.8699471060089643	0.8710534091008476	0.8707114159557701	0.8601671844481962	0.9930939131814684	0.0	0.451147681025118	1.0	0.5466006827483347	0.3769386314633442	0.0	0.8181894752100959	0.5000075304331143	0.5000278587788977	0.49998120563568393	0.5002560010736559	0.500013182964604	0.4999650206481387	0.5000072399290485	0.5000388034381349	0.5000696120584972	0.5000200334405415	
0.8671368458740625	0.8609417220734317	0.8724485037464661	0.8642173949737162	0.8639079196136273	0.8704202377826701	0.8717469266896056	0.9930925058657427	0.8748576590336583	1.0	0.3729435564332178	0.7786495403027621	0.54332504044833	0.9599386637928264	0.5000082236546967	0.500004410918659	0.5000086074026285	0.499919928883246	0.49988317759880574	0.5000383997961518	0.49999575210332514	0.49996500168200947	0.4999857360864247	0.4999958007021142	
0.8697312068658092	0.8662699172978713	0.8703657369268311	0.19581002909004566	0.8691180312922241	0.8711983180778048	0.6097513006213691	0.8703665589267187	0.9930924904866606	1.0	0.7505391188277045	0.7550841386218509	0.23870778422604802	0.9299890272141824	0.5000221687802779	0.49999036635868005	0.4999961970284326	0.5000166052850571	0.5000002047442624	0.5000488729323047	0.49998360975673	0.5000196711839668	0.500048079478588	0.5000412845492517	
0.8669594464452514	0.85629663443403	0.867246784438511	0.8669836968703678	0.8673366438817579	0.866571873188136	0.867099260539951	0.8671864323779598	0.2563843457491748	1.0	0.9575770666445402	0.4214774018691573	0.0	0.14592961862949216	0.5000274199287983	0.5000759952371937	0.4999950854104166	0.49999114597763633	0.49999709558195937	0.5000014737147775	0.49998175974554954	0.5000051446170485	0.5000116586410459	0.49997820338039023	
0.9930924946126408	0.8733528014126528	0.8733474869045844	0.8730997850208096	0.8683017106229596	0.872221527744271	0.8731355810760156	0.8683705322830472	0.8721590467074294	0.8719022903079963	1.0	0.0	0.15924411480300762	1.0	0.4999817929085039	0.5000563186005927	0.500000968056937	0.500118376959597	0.4999782072422326	0.5000197701985772	0.5002541847347233	0.4999897907632587	0.5000633108672868	0.4999612115201786	
0.8701918581476306	0.9930924940081081	0.8737614758968842	0.8722184570461894	0.8732191443317036	0.873353478873593	0.2515507905072149	0.8721131989114553	0.8717825751827898	0.8530585392607157	0.9999999999999999	0.8923080744667851	1.0	1.0	0.49996687467835577	0.5000659913259656	0.4999932327481253	0.49995787341971204	0.5000457288197807	0.5000179712324513	0.49999869999605784	0.49999931552249066	0.5000198007461077	0.499962685675988	
0.8705830609053405	0.8715559083145519	0.9930924954035683	0.8724053023376405	0.8730633971872741	0.8724296431612718	0.8742681498390226	0.872943917762628	0.8710640574276172	0.8751802226752856	1.0	0.8270406499362459	0.9718706546388572	0.77864080774263	0.49998909880879633	0.49997523549667305	0.5000013349944161	0.49996305267541064	0.49997564148468654	0.49999938935596705	0.5000853024791683	0.5000056634554085	0.4999982596769508	0.5000239381795735	
0.8701677196344562	0.8702101730966796	0.8705932871742686	0.9930924951028951	0.8705615612028079	0.8732677980300625	0.8717484458712599	0.8730489741364216	0.7309256463560011	0.8707499618024851	1.0	0.7949926278776658	0.8744004279459664	0.9131400918418573	0.4999898872131947	0.4999951425210092	0.5000117062155977	0.4999129384474632	0.5000226897663749	0.5000091299572915	0.4999878461783556	0.4999977650979206	0.5000299430276407	0.5001125082689976	
0.8708371849979692	0.8702520114562842	0.8695704578949076	0.8699364709188445	0.993092496804552	0.5834812675341625	0.8729575962513348	0.8731006004043046	0.8730898258820358	0.15815113406072626	1.0	0.8532026443558653	0.35037319746770834	0.7112888331265066	0.49996865272707536	0.49999930113002555	0.5000683362880528	0.500010214348281	0.49999462567981673	0.5000702788576344	0.499983162570725	0.49999165376746457	0.49997185978290853	0.49999664287595935	
0.8707039752805421	0.8692866814221285	0.5059174703168787	0.8701527391349463	0.8702303078832396	0.9930924964404082	0.8697708623347224	0.8736830704293773	0.8755068666944036	0.871144031871883	1.0	1.0	0.1414628025169523	0.966727951053408	0.5000018464364193	0.5000082774826531	0.5000473094193857	0.49998682664316013	0.4999650489590025	0.4999983610874343	0.500032093416086	0.5000623153887673	0.4999994337711675	0.5000375093429336	
0.8706355530074168	0.8699001763999767	0.8675890258541366	0.8743865945431187	0.8704198030035714	0.842689393995866	0.9930939129461632	0.8713977183980118	0.8730775041205461	0.0	1.0	0.49386769231865324	0.12242090182226928	1.0	0.4999992700505427	0.5000021519751934	0.4999498065419937	0.4999976059891337	0.5001379606677464	0.49999838712253336	0.49996208537762804	0.4999879893641273	0.49996574461957205	0.5000077581158103	
0.8735629193536109	0.8662726107019966	0.8692214193697074	0.8698744187607813	0.8701752867832124	0.8691612755484422	0.8706171981772023	0.9930925058657424	0.8693083385726029	0.8733929869909018	1.0	0.01618873599630083	1.0	1.0	0.49982122238092697	0.5001335966201863	0.5001337796292752	0.4999849015515826	0.49999234730339404	0.49999114272202616	0.5000087321330536	0.49993705054793586	0.49996963132171235	0.5000156610030946	
0.86999268213283	0.6921133875859581	0.8685227420401448	0.33089289250974074	0.866111092936652	0.8707829857716615	0.5226036360205155	0.8703763136989857	0.993092490387273	0.873329994698241	1.0	0.32014306321937813	0.6943437931775316	0.7435953829324304	0.5000000088456125	0.5000589152423337	0.500050291362268	0.4999690439294128	0.4999941978746359	0.4999998804860934	0.4999713048015573	0.5001053429710817	0.5000495233861197	0.5000066525526394	
0.861394614456925	0.11018983609564577	0.8686451180637104	0.8699631108712672	0.8703890977879807	0.8651208232035894	0.8689099300335855	0.8695180721070568	0.868290621561406	0.9930924994570407	1.0	1.0	0.6492014241014075	0.7577889516916273	0.49999311876871044	0.5001159625091725	0.4999007044484468	0.4999991388245615	0.49995735838461275	0.5000217788908162	0.500143642073594	0.5000111207494565	0.49996247964825596	0.4999752145981615	
0.8689933915220669	0.19413882738668062	0.8674478942286745	0.867218707430661	0.45229344466039345	0.8670415821662828	0.8679024124951452	0.867168778922693	0.8667779443970132	0.8670500817593803	1.0	0.0	0.30175591803970886	0.9854257347018622	0.5000281796722695	0.5000430053313477	0.5000375523854507	0.5000025375569334	0.4999643838227101	0.5001234540926643	0.5000407844599979	0.5000255331747335	0.4999834962307795	0.5001104797864864	
0.9930924951516978	0.8744533960294937	0.8619503682033803	0.8730246094369197	0.8738553531250666	0.7594267027263463	0.25352747679466664	0.8737014734457295	0.8729714031479167	0.8740167854268693	0.8732363270959556	1.0	0.1211135678212154	0.508506172913529	0.49999673126954175	0.5000098190164812	0.5000019317723019	0.4999820144621155	0.49995829128607056	0.499999840461246	0.5000371667616773	0.5000002341307175	0.4999649926200924	0.5000035911116198	
0.8706981741709763	0.9930924939840782	0.8721741305455285	0.8726222555579687	0.8717292136999071	0.8733536388238383	0.2687687159667777	0.8724009116919089	0.8731565537845185	0.8704567474022623	0.8744829786018696	1.0	1.0	1.0	0.4999740643801708	0.5000359906523167	0.4999971146965566	0.49999294698594804	0.4999930857608688	0.5000034453757025	0.4999928372621063	0.5000114772910267	0.5000527150027223	0.49999876283441125	
0.8691540339335005	0.8711992502634296	0.9930924954035683	0.8749680537608356	0.8735832599124324	0.8736419148861583	0.8178283100930609	0.872943917762628	0.8710640574276172	0.8720478062683129	0.8733658337573799	1.0	0.48167464909273483	0.9514447795376755	0.4999495958691591	0.5000099341869252	0.49998369440254925	0.49998605980554356	0.5000163030161927	0.5000028735114643	0.5001580058934829	0.5000550298470596	0.5000036781450123	0.5000111928763358	
0.87022389816367	0.8702101730966796	0.8706624173845585	0.9930924944218037	0.8705615612028079	0.8732677980300625	0.8717484458712599	0.8730489741364216	0.7886080096593321	0.8707499618024851	0.8707016256247696	1.0	1.0	1.0	0.4999869813480104	0.4999955532334152	0.5000083554475729	0.4999479060836433	0.5000226897663749	0.5000091299572915	0.4999878461783556	0.4999977650979206	0.5000299430276407	0.5001125082689976	
0.8701972063680851	0.8700041676430649	0.8701002805016871	0.8699864662731395	0.993092496132906	0.0	0.873096822754818	0.873425706918672	0.8728391094324954	0.8747483073975978	0.8726384605425087	1.0	0.9492724421626579	1.0	0.4999791082241072	0.5000185420178223	0.499996233228722	0.50008327698639	0.5000044177426185	0.5000669253125205	0.5000079424173874	0.5000031580559138	0.499986597391777	0.5000027832222215	
0.8707039752805421	0.6744979217089342	0.4439693655269251	0.8701527391349463	0.868909761560688	0.9930924964404082	0.8697708623347224	0.8736830704293773	0.8755068666944036	0.871144031871883	0.872596768303832	1.0	0.1414628025169523	0.966727951053408	0.5000228129107285	0.5000082774826531	0.49999962390035724	0.4999797305767777	0.4999585163956256	0.4999983610874343	0.500032093416086	0.5000623153887673	0.4999684577921797	0.5000097687932765	
0.7204694666419769	0.8695729008280451	0.8655335774803842	0.8707818954386121	0.8704716098700592	0.8685651531373009	0.9930939160403048	0.0196504947518759	0.6184813995284117	0.6768138914601413	0.2622708032301818	1.0	0.36872881868955604	0.6973611142825347	0.49999520760122973	0.5000051347910192	0.49999815394670316	0.49987473488713213	0.49997842080526944	0.5000007620355987	0.4999770726918221	0.5000275633229359	0.5000751976592978	0.4999937752356552	
0.8671900587009344	0.818968368556823	0.8724485037464661	0.865368206254363	0.8645666333685483	0.8704202377826701	0.870184276207203	0.9930925058657424	0.8709290191662693	0.8735110309908125	0.8725350555488023	1.0	0.5803660257236327	0.9976154492241195	0.49997229736525545	0.5000013020988306	0.49998362969459276	0.49997758648998225	0.499939344619659	0.5000244732935862	0.5000280513532981	0.49996793304619086	0.4998990654953835	0.49999857574514817	
0.8701067857088178	0.8698516247891585	0.0	0.60846303717426	0.6545842242240332	0.8688205305210107	0.7816798825423965	0.8698438132210017	0.9930924955543337	0.8728374964031479	0.8728255839520228	1.0	0.9261723297948312	0.23421977950565764	0.4999920187430236	0.5000040124626346	0.4999769165185205	0.5001790206304806	0.5000102952458934	0.5001487796085975	0.49997155310107694	0.5000791933526697	0.49997287987526995	0.49999618986641625	
0.861394614456925	1.6377812688223015E-5	0.8686879936774234	0.8699631108712672	0.8703890977879807	0.8651208232035894	0.8689099300335855	0.8695180721070568	0.8694967564431855	0.9930924994570407	0.8720416611608058	1.0	0.3255322787291839	0.7293704714484787	0.49999311876871044	0.5001159625091725	0.4999007044484468	0.4999991388245615	0.49986752917447747	0.5000217788908162	0.5001361078589748	0.5000111207494565	0.49996247964825596	0.4999752145981615	
0.8517074372187834	0.8699948696113733	0.8702375566431948	0.31254775622006886	0.8678727834110317	0.8693272735744034	0.0	0.8699500384500561	0.8685906140256241	0.8712340382996139	0.9930925028890137	1.0	0.9179777547565865	0.6932407478395735	0.5000171155678369	0.49997855398060376	0.4999049109833289	0.5001091504874162	0.4999940253265342	0.500093328557302	0.5000358577326702	0.5001027446278742	0.5000115105054979	0.5000607893158067	
0.8709875267284406	0.86690964255735	0.8695230770234876	0.5656786498402938	0.8681719867306061	0.3719281443730178	0.8696299559988341	0.8684064555152311	0.8672262411626587	0.8661060995159348	0.8674864150823598	1.0	0.39107690277043994	0.9521706532671713	0.500051772263674	0.49995593249812503	0.49998223796063057	0.49999435416797827	0.5000027760544871	0.5000152140630004	0.5000094767205108	0.499984956683874	0.49997307966611493	0.5000192351410124	
0.9930924953811934	0.8715029807377016	0.8725539183693974	0.8742652262470432	0.7552721476161007	0.8730656722782335	0.5724996015488225	0.8737226288537375	0.4847886844009745	0.8722055704524969	0.0	0.8766513729084331	1.0	0.565160272922488	0.5000300078664714	0.5000441325823943	0.499937348295692	0.49999109258580227	0.4999793182164828	0.5001085495828341	0.4999858084379694	0.49991932378341586	0.5000009301027601	0.500007448505626	
0.8707454017415869	0.9930924945331959	0.8724041150527099	0.8726222555579687	0.8720359845947986	0.8733536388238383	0.2687687159667777	0.8724009116919089	0.8717825751827898	0.8704567474022623	0.8727365406138244	0.8173868091272259	1.0	1.0	0.4999740643801708	0.5000359906523167	0.5000025053785285	0.49999294698594804	0.4999930857608688	0.5000034453757025	0.4999928372621063	0.5000114772910267	0.5000527150027223	0.49999876283441125	
0.8700964694662972	0.8709175862198383	0.9930924954847378	0.8724400164247247	0.8727093102075868	0.8718976264498018	0.876368203974197	0.872943917762628	0.8710640574276172	0.8751802226752856	0.8733658337573799	0.8596123284560587	1.0	0.8936070948169865	0.4999473309928123	0.5004472416047526	0.4999974636762765	0.49996387369798007	0.5000018651425582	0.5000020174367903	0.5001122704613596	0.5000977300383138	0.5000025945412052	0.500005805980721	
0.870164255347462	0.8708562822913678	0.8706624173845585	0.9930924961128452	0.8727140243114747	0.8734357109779104	0.8714647384648708	0.8729974116993755	0.7747024620068588	0.8715802227547352	0.8717799817025024	0.8726779910334239	1.0	1.0	0.49997431194121433	0.49999657251688207	0.5000030966339292	0.49989811038011567	0.5000226897663749	0.5000378706305214	0.4999859525301779	0.5000104491601107	0.5000299430276407	0.5000989768405392	
0.8701036644474774	0.8701833376964333	0.8710493624987825	0.8699864662731395	0.9930924952318342	0.26251102035402374	0.8731333060099185	0.8734511627947014	0.8728391018047801	0.7761542574161203	0.8726384605425087	0.8658925904454586	1.0	0.8288645530801049	0.5000174707136433	0.5000450244651894	0.5000167930120702	0.5000135803368488	0.4999775971399465	0.5000123875658153	0.4999843841280127	0.5000318024601034	0.49998276312589873	0.5000531566482376	
0.8701369707869451	0.06600364319629726	0.842494613881455	0.8697789990584694	0.2674567182410317	0.9930924964174246	0.873563012202625	0.8736519736031298	0.8733597168847361	0.8733144265351303	0.4974750139520665	0.8739604299397394	1.0	0.7113630020578803	0.49996967202618736	0.5000399071892936	0.4999921740214742	0.5000161210565179	0.499978180614166	0.5000083534875979	0.5000108539992846	0.4998925109636848	0.5000125830146183	0.5000155532331813	
0.8718473791573671	0.8686629342503213	0.8705151679285676	0.8703403161899731	0.8701875655507294	0.8689174274676998	0.9930939178593206	0.8763898081853279	0.8725058556860912	0.8293807479751335	0.8705300792541869	0.3966651320239102	1.0	1.0	0.5000113707960566	0.5000148935968726	0.49994720506743445	0.49999916999176935	0.4999551477125505	0.5000039247654249	0.49995336113192185	0.49999857305816303	0.49997892933900717	0.5000002227071791	
0.42276437863804395	0.5270697342052298	0.8699233989988205	0.8692583283242776	0.30588954143189184	0.8695552488884337	0.8702501956406992	0.9930925058657424	0.8750733475814239	0.8731815838895679	0.8739048487861596	0.8722294140203727	1.0	0.9997283153359094	0.4999264785031029	0.5000057790821496	0.500274177009843	0.49989317910838577	0.4999550096046508	0.4999949996229415	0.4999560712384151	0.5000103343190567	0.4998681538292246	0.4999968789045453	
0.8701808901406181	0.8691243848845531	0.0	0.5899545588943151	0.6510785773866232	0.8698422635770457	0.8443414097327203	0.8698438132210017	0.9930924955543337	0.8728374964031479	0.8728255839520228	0.8734392846335024	1.0	0.24445670133942987	0.5000007605822354	0.5000040124626346	0.5000264759946935	0.5001741141156404	0.5000020515243375	0.5001420495906381	0.49997155310107694	0.5000141292311941	0.4999656880437237	0.49999618986641625	
0.8715390596251398	0.8468190408207135	0.8696523074311061	0.8702303482253607	0.8705485425570831	0.7156148820115513	0.8700555431587942	0.8695207886114278	0.8700838054164981	0.9930924994570268	0.8720486782704893	0.8726531503823476	1.0	0.8226853446858067	0.49989868007848964	0.5001416383510952	0.5000062235100124	0.4999990354850406	0.5001419358242035	0.5000437495390122	0.5000489838207316	0.5000090462134403	0.49997426186626953	0.5001189060114093	
0.03377313833460884	0.8699952155754409	0.8700738272350105	0.3926144025185627	0.842061532863291	0.8698975452116159	0.0	0.8716803931491471	0.8709560727437189	0.8697297242898354	0.9930925028896131	0.8746422558019673	1.0	0.9210583671279413	0.5000156797265738	0.5001616746203934	0.5000422828739035	0.499988672656173	0.4999953984768552	0.4999534122664956	0.49994238259584645	0.5002515757586654	0.4999846622933107	0.4999780923415579	
0.8708635221380712	0.8669793181537802	0.8693629021676176	0.19070347292765225	0.8382754962062872	0.043538612392440994	0.8715284471803929	0.8700148098999415	0.8698303150483347	0.871983322968104	0.8679764655937825	0.993091974323872	1.0	0.8068700451070128	0.49995419147531117	0.4999686913523538	0.4999929291272747	0.4999918457009306	0.5000035037839595	0.500020101858539	0.4999843124440071	0.5000995003786668	0.5000519265117092	0.5000233135525683	
0.2924759080552797	0.8683800123738895	0.8675447715276572	0.8669995565426487	0.8676053263742514	0.8668933135350999	0.8655518936527848	0.867621737524895	0.7093082930037689	0.5610266584986372	0.8667358280544712	0.8659922691532594	1.0	0.9169957652340709	0.500046382496052	0.5000576715732866	0.500156965196165	0.4999877308627891	0.5001133587442673	0.49996934405346416	0.5000731688869181	0.5000248170987328	0.4999484792081081	0.4999697971182202	
0.9930924946126408	0.8733528014126528	0.8733474869045844	0.8730997850208096	0.8683017106229596	0.872221527744271	0.8731355810760156	0.8683705322830472	0.8721590467074294	0.8719022903079963	0.8755084380807336	0.0	0.15924411480300762	1.0	0.4999817929085039	0.5000563186005927	0.500000968056937	0.5001170418578543	0.4999782072422326	0.5000197701985772	0.5002541847347233	0.49996918230354526	0.5000631090208773	0.4999712918574282	
0.869689383219614	0.9930924950106411	0.8731533678908875	0.8720737530462296	0.873374944947103	0.8726105907085354	0.20131898333074977	0.8730838034871022	0.8718825935864881	0.8065942611979094	0.8736148286060491	0.8574055139070579	0.8725940199143631	0.9999999999999999	0.49995448422644334	0.49998213116729573	0.4999764408098232	0.4999622034504313	0.5000657062576895	0.5000395794718752	0.5000041079314793	0.5000213394448169	0.5000384946160177	0.4999601233934526	
0.8696891746089438	0.8698885439573956	0.9930924961736297	0.4816208736016169	0.873677066984814	0.8700173722890703	0.8738016038903289	0.872734445716417	0.8701720911311617	0.8741702501527908	0.8759601534668456	0.8707686980216577	0.06429099346895929	1.0	0.4999995376856249	0.5000083549143033	0.49994961630667445	0.49994994738915516	0.5000499253812744	0.5000010052731915	0.49996290660778087	0.49990871594331404	0.49996981255651657	0.5002927587838379	
0.8701177765242902	0.764780583487647	0.8498122734970555	0.993092492615897	0.8729356217250475	0.8726059816665738	0.8729817558899147	0.08189950075234384	0.868978905202749	0.8728227406442626	0.8681429770168536	0.8726779910334239	0.8741407154835863	1.0	0.4999939475174257	0.4999506716699982	0.5000385097312983	0.49991481892417833	0.5000475200260964	0.5000091198749433	0.4999972350435729	0.5000331163342295	0.5000395579914807	0.49980313049837205	
0.8704807835164214	0.8700101493437796	0.8697054506709029	0.8699864662731395	0.9930924969751167	0.20856127298971874	0.873126963346621	0.8730101918933926	0.8728391094324954	0.826626813823626	0.8726384605425087	0.8627036978444852	0.8708278125080477	1.0	0.5000254086241155	0.5000017452228149	0.499996233228722	0.4999958633515516	0.49999347788212994	0.5001820283186313	0.5000079424173874	0.4999899365208056	0.4999930431459853	0.49995077962747114	
0.8703140877359494	0.6454597659235248	0.5822063679342764	0.8698978662076172	0.8674510239217126	0.9930924964079109	0.873456289258105	0.8736830704293773	0.8760679619341057	0.8733092611144279	0.8783955676661974	0.8739979695687604	0.47420377179764617	1.0	0.5000001988572603	0.49999212326790793	0.4999847652675988	0.5000226697386188	0.4999540240010322	0.49994507537568866	0.5000023442686029	0.5000820050720156	0.5000006847522286	0.5001426193396211	
0.0	0.8721046940302369	0.8703654233071879	0.8714503887614317	0.8690931400509855	0.8566116666372698	0.9930939138592243	0.3673056401518664	0.4014340646370411	0.49835883972200407	0.25757164375698577	0.0	0.20724497758662608	1.0	0.500002924556809	0.5000278587788977	0.4999792034131007	0.49997133004206645	0.500013182964604	0.4999628637695764	0.49998121091448716	0.5000388034381349	0.5000696120584972	0.5000249208477556	
0.5333160710230987	0.3937416893822361	0.8645008843410514	0.8704269760070269	0.7309028881009603	0.8700164669698129	0.8698017028464622	0.9930925058657424	0.8718142003775154	0.873518341680789	0.8735291369357335	0.8737283218317633	0.8774281537527404	0.9999999999999998	0.49997385044909526	0.5000229667091721	0.499966106274152	0.5000076955182035	0.499954358017339	0.5000301771957294	0.5000046328418813	0.49997731483504937	0.49986659969032865	0.4999860716897761	
0.8703317532556006	0.378236868229542	0.8606903176479469	0.8702858496051249	0.8704258227021506	0.6689516522888258	0.8717271168998685	0.32522905425838156	0.9930924780347175	0.8723513194351714	0.401656634841552	0.869812889539041	0.7788753341885292	1.0	0.49991834251376444	0.4999971387302062	0.5000009838469204	0.4996174893058354	0.4999386415968091	0.49997925488101475	0.4999450192617073	0.5000069686024151	0.5000093677150707	0.5000069662766283	
0.8559187525053741	0.0	0.8688631810119604	0.8699631108712672	0.8696718386535623	0.8635121810126198	0.8708839421255711	0.8695207886114278	0.8694967564431855	0.9930924994570407	0.8720431876777384	0.8726531652500218	0.8691184818156013	1.0	0.49991487791848765	0.5001321843127714	0.49998448641888377	0.49999366390530664	0.5000221468832605	0.5000115661835515	0.5001267299902079	0.4999652783877031	0.5000034982726379	0.4999846755526179	
0.7073001872304041	0.8699949765191803	0.8700690554477877	0.16216245202881885	0.8571485127882609	0.870062251932265	0.3977127943040435	0.8701147218037442	0.8688311762469115	0.8652033608617428	0.9930925028913264	0.8711814836874735	0.872739823358092	1.0	0.4998976405920701	0.49999774033122013	0.4999797545512521	0.5000159189255626	0.5000080683675285	0.5000262551377996	0.5000099312989682	0.4998625639664318	0.4999845847373383	0.4999708823705871	
0.8685937607746769	0.8698708205863903	0.8704396500504827	0.556697216967365	0.8671037836297447	0.14462326543014564	0.8700509614966512	0.869720364422642	0.8679729969521122	0.8697830848910835	0.8660813055329303	0.9930919743162757	0.3882938428441321	1.0	0.5001069116485909	0.4999159707917937	0.5000059515719429	0.49999982666030734	0.4999973551594147	0.5000009254750045	0.4999850085118043	0.5000230678185396	0.4999642918682346	0.5000448287896735	
0.6582298667463472	0.6497871835466947	0.17891312480780835	0.0	0.8229152987200202	0.25843151041495716	0.24958250039921115	0.8187327156075375	0.6180688700419752	0.27190806907919957	0.0	0.0	0.9931012854877976	1.0	0.5000210984595208	0.5015589043284006	0.5066385578217713	0.500082514333976	0.4997899770963271	0.5005873759035792	0.4999079700789049	0.5002117759166415	0.5000752156242478	0.4958293107140192	
0.4194951860490465	0.6392231907843108	0.8673074287641237	0.8649214435060292	0.8664430954920116	0.867397630364936	0.8669226393930544	0.8667863086610365	0.6624674077895172	0.8668106880595996	0.8668909525970274	0.8647181501815057	0.8567577818934695	1.0	0.4999832636132969	0.49999924241901855	0.4999824008861772	0.4999778937883961	0.499952633133901	0.5000184724868816	0.49999663897538094	0.5000102671423893	0.5000149300220249	0.4999896536446279	
0.9930924948305656	0.873130867207904	0.8733351436430655	0.8730994583258447	0.8683017106229596	0.8736134251188898	0.8731355810704255	0.8683705322830472	0.8724936780903485	0.8727706227122894	0.8755084380807336	0.07795756932747583	0.008058084129647765	0.8736504994260288	0.4999817929085039	0.5000065067108846	0.5000011741309741	0.500060278522876	0.4999691891427515	0.5000303029500617	0.5001662323576647	0.4999732377830261	0.5000631090208773	0.49997883253601527	
0.8701199498667318	0.993092494984751	0.872261911446822	0.8722092622455812	0.8717301907408388	0.8763668800926525	0.1467055994876828	0.873233781237414	0.8727304831153566	0.7295678736414539	0.8694123662055055	0.8574055139070579	0.8725926268139933	0.757278380666336	0.49997759785766155	0.500009911549943	0.5000103545836624	0.49995333148381255	0.500064671298279	0.5000218946907651	0.49999704300984077	0.5000209595578822	0.5000384946160177	0.49994122498147575	
0.8696891746089438	0.8698954816467985	0.9930924961736297	0.4816208736016169	0.873677066984814	0.8700173722890703	0.8738016038903289	0.8727713337615381	0.8701720911311617	0.8741702501527908	0.8759601534668456	0.8707686980216577	0.06429099346895929	0.8717025839309965	0.4999970870063161	0.5000083549143033	0.4999221355662171	0.49994994738915516	0.5000499253812744	0.5000010052731915	0.5000686761615778	0.49990871594331404	0.4998907611302382	0.5002927587838379	
0.8701177765242902	0.7622793676724231	0.8711380389319576	0.993092492615897	0.8729356217250475	0.8726059816665738	0.8729817558899147	0.08189950075234384	0.868978905202749	0.8728227406442626	0.8736672605725276	0.8726779910334239	0.8716448857441706	0.8730629955413275	0.4999939475174257	0.4999506716699982	0.5000385097312983	0.49992543977962484	0.5000350172882096	0.5000091198749433	0.49999963620932986	0.5000331163342295	0.5000405336974502	0.49985169798742024	
0.8707983670122514	0.8692851811119007	0.8587512588189276	0.8699986137760141	0.9930924978779109	0.5558689633214616	0.8728905779351238	0.8730938950524301	0.8730822003736868	0.26943027438702716	0.8725370324138604	0.8734427009167687	0.8719314160201598	0.8715797042997281	0.49994283112437843	0.500158604667893	0.5000533074442635	0.500004036329204	0.4999967490845434	0.49979421312816025	0.5000811963166847	0.4999820219112809	0.49996503869541165	0.5000188268546941	
0.8707429212243092	0.5614278061528206	0.4186755715085377	0.8700034707281523	0.8677146834121356	0.993092496418357	0.8735621409715445	0.8736551343849303	0.8728764902543347	0.8717392186825826	0.8641186491680397	0.8726130253712778	0.41400600457599646	0.8737000130316243	0.5000096490726555	0.5000039705759494	0.5000078924365405	0.5000550627603509	0.4999728486477092	0.49993290476796015	0.5000002709226742	0.5000649114608002	0.499988492985711	0.500048808412698	
0.4308475629287238	0.8709180306373191	0.8712688602317954	0.872631517790879	0.8714791244990061	0.8601671844481962	0.9930939119613779	0.0	0.8498782298789079	0.7600747668482796	0.7834082727445056	0.040690253861996734	0.02004996916923041	0.7520586464503908	0.4999953288895206	0.5000278587788977	0.49999945553879616	0.5002065638955289	0.4999598642514943	0.4999650206481387	0.4999697844229898	0.5000096181068227	0.4999924392351108	0.5000211809304231	
0.331065417441864	0.36123796025051674	0.8687342595249311	0.8711892504634207	0.5513731464382473	0.8712388425731575	0.8698114981782957	0.993092505865181	0.750185107501798	0.8734502188168187	0.8739048487861596	0.8663230342570337	0.8710913002625271	0.873450208282287	0.4999971395073199	0.5000097931410292	0.5001207594225892	0.49996314608351905	0.49997476421796566	0.5000147301159278	0.49997116160948946	0.4999823377705605	0.5000194023977709	0.500011666509619	
0.8701808901406181	0.8692696641623607	2.890793218163719E-4	0.8717414661536331	0.6545842242240332	0.8698422635770457	0.7816798825423965	0.8698438132210017	0.9930924955543337	0.8728374964031479	0.8728255839520228	0.8734392846335024	0.8543008955460692	0.2341576801808237	0.5000007605822354	0.5000040124626346	0.4999769165185205	0.5001790206304806	0.5000102952458934	0.5001487796085975	0.49997155310107694	0.5000791933526697	0.49997287987526995	0.49999618986641625	
0.8715390596251398	0.6929087498914024	0.8686879936774234	0.8702303482253607	0.8705485425570831	0.8112396820232385	0.8700561616025955	0.8695207886114278	0.8700838054164981	0.9930924994570267	0.8720486782704893	0.8726531503823476	0.8691184818156013	0.8087861502289744	0.4999026000711437	0.5001375766158022	0.5000035716515757	0.4999990354850406	0.5001038488880314	0.5000437495390122	0.500067302952761	0.5000002264163689	0.49997426186626953	0.5001189060114093	
0.5937133192271352	0.8696986488331062	0.8703524758829917	0.0	0.8095300574752363	0.8700583958159954	0.4095379129274641	0.8702745886984603	0.8700039296736105	0.8652033608617428	0.9930925028907672	0.8711672396980951	0.872705866907321	0.8760877200912203	0.4998608384328994	0.5000035195213319	0.49999728919156206	0.49998909102868444	0.5000236535929973	0.5000210841742799	0.5000116795738251	0.4997750940260867	0.5000087138772548	0.49998328626541033	
0.8698820624745104	0.8682652871429064	0.8693103519707287	0.4016899552770463	0.8674548148854856	0.13741309101017263	0.8706010202155825	0.8690910984533198	0.8713273606377466	0.8711267203092846	0.7740889708553916	0.9930919743202485	0.43352345753134075	0.8706242458811284	0.49999703981028537	0.5000034858672939	0.49998217020289615	0.49999682918500116	0.5000025442218587	0.5000257422695845	0.4999908892042998	0.4999962311903951	0.5000058196935987	0.499996711208578	
0.6088828261255649	0.7496840302601059	0.7860424007171307	0.2844692885882549	0.6746144623338552	0.6033219299044568	0.4754754534981525	0.859875222475133	0.5458815868557555	0.35298202616048496	0.49011135663201866	0.3048276234625803	0.9931017374811489	0.7643219062535571	0.5000694383802117	0.497192920536859	0.5006643531158589	0.4999715221233953	0.4997119795306568	0.5002802211194257	0.49812656428692176	0.500020541293299	0.4999483690368527	0.4971710150875644	
0.8676574641506699	0.8641850718445602	0.8680270652367608	0.30092849636602714	0.5900809561649626	0.4086054597385936	0.8751049274635887	0.8701236849116487	0.10978619837045525	0.038369166561899225	0.8572686243449554	0.8697246780195004	0.8654770458121136	0.9930906149908183	0.4999712744407944	0.4999756478637696	0.4999605569720002	0.5000068161514967	0.49998699439450345	0.49999473685696205	0.5000181629841309	0.500034720677754	0.4999879060604619	0.5000175033100298	
0.26189300317199127	0.3947559777825009	0.8671635276759737	0.8682370887059193	0.8579364964173389	0.8661770232368525	0.8671287409723234	0.8666072842727254	0.11550920980698529	0.8718547666433171	0.8667540393291504	0.8665061703171965	0.8661901340223496	0.8673744418841528	0.4999634933124595	0.49998988261278765	0.49999243549023187	0.5000085294381752	0.5000163493762885	0.5001420471968616	0.5000476151261383	0.5000555861345058	0.5000450440430526	0.49998286017758653	
0.9984966743324667	0.9836011413323771	0.9858002388443288	0.7660753880922575	0.4000584160774258	0.9853819887912619	0.9845450453445691	0.9845989291410968	0.98604036674628	0.9868795334805924	0.9877107894803883	0.9889833875059635	0.9904348042618093	0.994087703734833	0.49900814137589566	0.49998520706760663	0.5022480723023329	0.5005143169607563	0.5007716982778628	0.49891500566906266	0.4999678953606397	0.5191127586130707	0.5000140211077237	0.4993772258052146	
0.9680086259310149	0.9984777676687213	0.9827087194355145	0.9848371569703013	0.3343778372150969	0.08202600609010502	0.5673048500429827	0.986860124330273	0.9880516032398837	0.9864279533296693	0.9880325618939347	0.9906583434988171	0.9929674629627254	0.9954501727912031	0.5022102089007479	0.4992992858609571	0.5022393775383145	0.49854981005902216	0.5082779206895971	0.5000628301545262	0.5002900995282068	0.5028800844891559	0.4946396911216042	0.5031618203501499	
0.7103316260842015	0.9680828741178346	0.9986128234196902	0.9848700506138017	0.9861032350896421	0.9851375279048867	0.9851344444031058	0.9883582908694143	0.9892544487711127	0.0	0.9894541767278107	0.9921946755619361	0.9919777131264444	0.0	0.4997833367676597	0.5007277456995618	0.5180861363984947	0.5030129597093913	0.49330433563123116	0.5035859446329216	0.4999128013471101	0.509561168693869	0.49969689751583357	0.5088219639780985	
0.7537212238456511	0.9672863757043398	0.9353686953688188	0.9989797170134029	0.9858851513213339	0.0	0.9796349675413071	0.98399946539554	0.9858819699505	0.9877317957869385	0.9871211018169027	0.9880715899526887	0.9904009546788431	0.9926767767286183	0.45643793309519365	0.5038262550373743	0.5008052985106023	0.4992644433566946	0.4685922702619002	0.5053300743170398	0.5175851317061855	0.4639026937181535	0.5037274504450617	0.49951525533356594	
0.96747433979971	0.9678480330024065	0.9670747758073018	0.9679409381916751	0.9985418624310223	0.9865597365398566	0.9864496215923785	0.9861531857437905	0.9901311614889229	0.9905541306914085	0.9926943686037785	0.9905692097699431	0.9934624711038557	0.9946612010792211	0.5021777821187299	0.5017344950751323	0.4933493320312751	0.4931350575866621	0.4745934704071405	0.4962029722956123	0.5147595072866471	0.49144598919686994	0.4925910700793642	0.49763465807618346	
0.9668729410636449	0.9675665646905948	0.9674541352109437	0.969487503151047	0.9673436248164916	0.9995965824873306	0.9878564520567857	0.8398761559663012	0.9843334480143162	0.777507457415909	0.9860842936925742	0.9887446294357964	0.979620048012186	0.992878491090733	0.49933691000560193	0.4998164380401507	0.5003234578693838	0.5040540456001843	0.5227367455466188	0.5007075187839845	0.5018894574292521	0.49940070206694925	0.5012338359404759	0.5000614557290508	
0.9681109738603808	0.9677102871046198	0.9690495343191332	0.9661608655856553	0.9649367475439266	0.9694314455890427	0.9991043022633801	0.9873174884463126	0.9875886353860804	0.9888315191721465	0.1616897827858032	0.24893372537497177	0.9935310935447128	0.9929781045496814	0.4871593914273876	0.4978143859042845	0.4989015159656275	0.48282597299770996	0.47600285044843077	0.5028666517171313	0.4859801930645274	0.490706513358572	0.4129396355987085	0.5003180577819696	
0.9691018091456841	0.9675247982362818	0.9678838499215755	0.9681913329442198	0.0	0.9681497340058066	0.9690152701881192	0.9990425637541911	0.9871108274654643	0.9890156189754908	0.9826307919965532	0.9896422486656937	0.9903895382892237	0.9969079873108808	0.49848639162007724	0.48873778998342376	0.5278981031532215	0.49365983920727474	0.5184281914744361	0.4863938639681599	0.47233308574245525	0.5055966142720927	0.5089071489994101	0.5033618803899365	
0.9680762611246626	0.9675342170209824	0.9671658900621285	0.9677255973766518	0.9666983805083431	0.9684758454855765	0.966699359614033	0.9672699800878495	0.9992901071228754	0.9907297876395462	0.49093651033059876	0.0	0.9928585308150268	0.9914245311859526	0.4980695799937724	0.48714602392525314	0.4999329110975815	0.5124174585250743	0.5000022996665534	0.4998897696735044	0.49020893648813363	0.5124834815557194	0.5005131678334087	0.4988967823490631	
0.9681045660612312	0.9150960932878832	0.9679362058834858	0.9684808187545351	0.4753760063651623	0.9680000831065088	0.9677658914090136	0.9683401706483686	0.9681687878043752	0.9990885605573673	0.9880312498171502	0.9884470094974639	0.9898873399920561	0.9923619036269913	0.49982251838175223	0.49653371180662054	0.503017197032011	0.48782782186594154	0.49302034979266035	0.49833265060507054	0.5051427883284446	0.50314210427608	0.4986468088616966	0.49581875721559254	
0.9703763054651061	0.968667609610014	0.968031004990839	0.968335468967784	0.9697917138968035	0.9676477390486974	0.9698350632240063	0.9690697048452901	0.9682452201257299	0.9666318221505087	0.9992252402164706	0.9893617881810614	0.9907454531356237	0.9915931664965119	0.49850577746477764	0.5431380014976243	0.4993664367135134	0.49966809150090413	0.4866123860922902	0.5122601159150026	0.465865113509618	0.47447431334181167	0.49345198502945964	0.4993004985249512	
0.9674620329268429	0.9680226689744411	0.9681399630892287	0.9675896722786642	0.9574719460335517	0.9680301120023553	0.9690244037102087	0.9682141753589942	0.96800266528286	0.9681294986356658	0.9680167620057719	1.0	0.42184969255361604	0.3937016069664631	0.5002093073693573	0.5003422526893144	0.5006771410730836	0.5647064789862659	0.551634983439593	0.5004977317864419	0.43465768516614883	0.49756803348140954	0.5002771417986956	0.4942783218172622	
0.9701521703418429	0.589416477493363	0.9667678306037877	0.9679844024555476	0.9696561073941383	0.9657410357017326	0.9695700976857506	0.968920291534154	0.9685446152874844	0.9682347847965747	0.9690043032265651	0.9681091305345376	0.9996287881880189	0.0	0.5007372365705711	0.4355116533662195	0.49532851332042965	0.5093946014205774	0.46533403504448395	0.4952222421730248	0.5147638635440689	0.4060561430879728	0.500220039546397	0.5140233794067249	
0.9663785979625555	0.9655188550921898	0.9679433462464748	0.9690245153220641	0.9679281331194698	0.9671859028708583	0.9675765157595901	0.9685515252975048	0.9677446417629755	0.9674177459471558	0.9678252496129122	0.0	0.9603971300652545	0.9995787605092848	0.49187496304181594	0.5087357005994246	0.49990919580259696	0.49952386900806334	0.4997540284644974	0.501472976690096	0.5206597208722692	0.4935874985212901	0.4999356879246121	0.4781568611139125	
0.9653769118177985	0.9655188550921898	0.9712719357518834	0.9664735782236069	0.9679281331194698	0.9672621889479788	0.9679725815269405	0.9682609704009555	0.9677446417629755	0.9678880671423503	0.9653329459811074	0.1300269888101911	0.9664989472167836	0.9694004065792142	0.4439150699467895	0.5184484547885712	0.5211951343846757	0.5008132200806922	0.4914784586912409	0.5043663027658234	0.5000994765770955	0.4222593513263327	0.4474961929149898	0.5185908358585452	
