   0.0000000000000000e+00   0.0000000000000000e+00   0.0000000000000000e+00   0.0000000000000000e+00   0.0000000000000000e+00   0.0000000000000000e+00   0.0000000000000000e+00   0.0000000000000000e+00   0.0000000000000000e+00   1.0000000000000000e+00
   0.0000000000000000e+00   0.0000000000000000e+00   0.0000000000000000e+00   0.0000000000000000e+00   0.0000000000000000e+00   0.0000000000000000e+00   0.0000000000000000e+00   0.0000000000000000e+00   3.3333333333333331e-01   6.6666666666666663e-01
   0.0000000000000000e+00   0.0000000000000000e+00   0.0000000000000000e+00   0.0000000000000000e+00   0.0000000000000000e+00   0.0000000000000000e+00   0.0000000000000000e+00   0.0000000000000000e+00   6.6666666666666663e-01   3.3333333333333331e-01
   0.0000000000000000e+00   0.0000000000000000e+00   0.0000000000000000e+00   0.0000000000000000e+00   0.0000000000000000e+00   0.0000000000000000e+00   0.0000000000000000e+00   0.0000000000000000e+00   1.0000000000000000e+00   0.0000000000000000e+00
   0.0000000000000000e+00   0.0000000000000000e+00   0.0000000000000000e+00   0.0000000000000000e+00   0.0000000000000000e+00   0.0000000000000000e+00   0.0000000000000000e+00   3.3333333333333331e-01   0.0000000000000000e+00   6.6666666666666663e-01
   0.0000000000000000e+00   0.0000000000000000e+00   0.0000000000000000e+00   0.0000000000000000e+00   0.0000000000000000e+00   0.0000000000000000e+00   0.0000000000000000e+00   3.3333333333333331e-01   3.3333333333333331e-01   3.3333333333333331e-01
   0.0000000000000000e+00   0.0000000000000000e+00   0.0000000000000000e+00   0.0000000000000000e+00   0.0000000000000000e+00   0.0000000000000000e+00   0.0000000000000000e+00   3.3333333333333331e-01   6.6666666666666663e-01   0.0000000000000000e+00
   0.0000000000000000e+00   0.0000000000000000e+00   0.0000000000000000e+00   0.0000000000000000e+00   0.0000000000000000e+00   0.0000000000000000e+00   0.0000000000000000e+00   6.6666666666666663e-01   0.0000000000000000e+00   3.3333333333333331e-01
   0.0000000000000000e+00   0.0000000000000000e+00   0.0000000000000000e+00   0.0000000000000000e+00   0.0000000000000000e+00   0.0000000000000000e+00   0.0000000000000000e+00   6.6666666666666663e-01   3.3333333333333331e-01   0.0000000000000000e+00
   0.0000000000000000e+00   0.0000000000000000e+00   0.0000000000000000e+00   0.0000000000000000e+00   0.0000000000000000e+00   0.0000000000000000e+00   0.0000000000000000e+00   1.0000000000000000e+00   0.0000000000000000e+00   0.0000000000000000e+00
   0.0000000000000000e+00   0.0000000000000000e+00   0.0000000000000000e+00   0.0000000000000000e+00   0.0000000000000000e+00   0.0000000000000000e+00   3.3333333333333331e-01   0.0000000000000000e+00   0.0000000000000000e+00   6.6666666666666663e-01
   0.0000000000000000e+00   0.0000000000000000e+00   0.0000000000000000e+00   0.0000000000000000e+00   0.0000000000000000e+00   0.0000000000000000e+00   3.3333333333333331e-01   0.0000000000000000e+00   3.3333333333333331e-01   3.3333333333333331e-01
   0.0000000000000000e+00   0.0000000000000000e+00   0.0000000000000000e+00   0.0000000000000000e+00   0.0000000000000000e+00   0.0000000000000000e+00   3.3333333333333331e-01   0.0000000000000000e+00   6.6666666666666663e-01   0.0000000000000000e+00
   0.0000000000000000e+00   0.0000000000000000e+00   0.0000000000000000e+00   0.0000000000000000e+00   0.0000000000000000e+00   0.0000000000000000e+00   3.3333333333333331e-01   3.3333333333333331e-01   0.0000000000000000e+00   3.3333333333333331e-01
   0.0000000000000000e+00   0.0000000000000000e+00   0.0000000000000000e+00   0.0000000000000000e+00   0.0000000000000000e+00   0.0000000000000000e+00   3.3333333333333331e-01   3.3333333333333331e-01   3.3333333333333331e-01   0.0000000000000000e+00
   0.0000000000000000e+00   0.0000000000000000e+00   0.0000000000000000e+00   0.0000000000000000e+00   0.0000000000000000e+00   0.0000000000000000e+00   3.3333333333333331e-01   6.6666666666666663e-01   0.0000000000000000e+00   0.0000000000000000e+00
   0.0000000000000000e+00   0.0000000000000000e+00   0.0000000000000000e+00   0.0000000000000000e+00   0.0000000000000000e+00   0.0000000000000000e+00   6.6666666666666663e-01   0.0000000000000000e+00   0.0000000000000000e+00   3.3333333333333331e-01
   0.0000000000000000e+00   0.0000000000000000e+00   0.0000000000000000e+00   0.0000000000000000e+00   0.0000000000000000e+00   0.0000000000000000e+00   6.6666666666666663e-01   0.0000000000000000e+00   3.3333333333333331e-01   0.0000000000000000e+00
   0.0000000000000000e+00   0.0000000000000000e+00   0.0000000000000000e+00   0.0000000000000000e+00   0.0000000000000000e+00   0.0000000000000000e+00   6.6666666666666663e-01   3.3333333333333331e-01   0.0000000000000000e+00   0.0000000000000000e+00
   0.0000000000000000e+00   0.0000000000000000e+00   0.0000000000000000e+00   0.0000000000000000e+00   0.0000000000000000e+00   0.0000000000000000e+00   1.0000000000000000e+00   0.0000000000000000e+00   0.0000000000000000e+00   0.0000000000000000e+00
   0.0000000000000000e+00   0.0000000000000000e+00   0.0000000000000000e+00   0.0000000000000000e+00   0.0000000000000000e+00   3.3333333333333331e-01   0.0000000000000000e+00   0.0000000000000000e+00   0.0000000000000000e+00   6.6666666666666663e-01
   0.0000000000000000e+00   0.0000000000000000e+00   0.0000000000000000e+00   0.0000000000000000e+00   0.0000000000000000e+00   3.3333333333333331e-01   0.0000000000000000e+00   0.0000000000000000e+00   3.3333333333333331e-01   3.3333333333333331e-01
   0.0000000000000000e+00   0.0000000000000000e+00   0.0000000000000000e+00   0.0000000000000000e+00   0.0000000000000000e+00   3.3333333333333331e-01   0.0000000000000000e+00   0.0000000000000000e+00   6.6666666666666663e-01   0.0000000000000000e+00
   0.0000000000000000e+00   0.0000000000000000e+00   0.0000000000000000e+00   0.0000000000000000e+00   0.0000000000000000e+00   3.3333333333333331e-01   0.0000000000000000e+00   3.3333333333333331e-01   0.0000000000000000e+00   3.3333333333333331e-01
   0.0000000000000000e+00   0.0000000000000000e+00   0.0000000000000000e+00   0.0000000000000000e+00   0.0000000000000000e+00   3.3333333333333331e-01   0.0000000000000000e+00   3.3333333333333331e-01   3.3333333333333331e-01   0.0000000000000000e+00
   0.0000000000000000e+00   0.0000000000000000e+00   0.0000000000000000e+00   0.0000000000000000e+00   0.0000000000000000e+00   3.3333333333333331e-01   0.0000000000000000e+00   6.6666666666666663e-01   0.0000000000000000e+00   0.0000000000000000e+00
   0.0000000000000000e+00   0.0000000000000000e+00   0.0000000000000000e+00   0.0000000000000000e+00   0.0000000000000000e+00   3.3333333333333331e-01   3.3333333333333331e-01   0.0000000000000000e+00   0.0000000000000000e+00   3.3333333333333331e-01
   0.0000000000000000e+00   0.0000000000000000e+00   0.0000000000000000e+00   0.0000000000000000e+00   0.0000000000000000e+00   3.3333333333333331e-01   3.3333333333333331e-01   0.0000000000000000e+00   3.3333333333333331e-01   0.0000000000000000e+00
   0.0000000000000000e+00   0.0000000000000000e+00   0.0000000000000000e+00   0.0000000000000000e+00   0.0000000000000000e+00   3.3333333333333331e-01   3.3333333333333331e-01   3.3333333333333331e-01   0.0000000000000000e+00   0.0000000000000000e+00
   0.0000000000000000e+00   0.0000000000000000e+00   0.0000000000000000e+00   0.0000000000000000e+00   0.0000000000000000e+00   3.3333333333333331e-01   6.6666666666666663e-01   0.0000000000000000e+00   0.0000000000000000e+00   0.0000000000000000e+00
   0.0000000000000000e+00   0.0000000000000000e+00   0.0000000000000000e+00   0.0000000000000000e+00   0.0000000000000000e+00   6.6666666666666663e-01   0.0000000000000000e+00   0.0000000000000000e+00   0.0000000000000000e+00   3.3333333333333331e-01
   0.0000000000000000e+00   0.0000000000000000e+00   0.0000000000000000e+00   0.0000000000000000e+00   0.0000000000000000e+00   6.6666666666666663e-01   0.0000000000000000e+00   0.0000000000000000e+00   3.3333333333333331e-01   0.0000000000000000e+00
   0.0000000000000000e+00   0.0000000000000000e+00   0.0000000000000000e+00   0.0000000000000000e+00   0.0000000000000000e+00   6.6666666666666663e-01   0.0000000000000000e+00   3.3333333333333331e-01   0.0000000000000000e+00   0.0000000000000000e+00
   0.0000000000000000e+00   0.0000000000000000e+00   0.0000000000000000e+00   0.0000000000000000e+00   0.0000000000000000e+00   6.6666666666666663e-01   3.3333333333333331e-01   0.0000000000000000e+00   0.0000000000000000e+00   0.0000000000000000e+00
   0.0000000000000000e+00   0.0000000000000000e+00   0.0000000000000000e+00   0.0000000000000000e+00   0.0000000000000000e+00   1.0000000000000000e+00   0.0000000000000000e+00   0.0000000000000000e+00   0.0000000000000000e+00   0.0000000000000000e+00
   0.0000000000000000e+00   0.0000000000000000e+00   0.0000000000000000e+00   0.0000000000000000e+00   3.3333333333333331e-01   0.0000000000000000e+00   0.0000000000000000e+00   0.0000000000000000e+00   0.0000000000000000e+00   6.6666666666666663e-01
   0.0000000000000000e+00   0.0000000000000000e+00   0.0000000000000000e+00   0.0000000000000000e+00   3.3333333333333331e-01   0.0000000000000000e+00   0.0000000000000000e+00   0.0000000000000000e+00   3.3333333333333331e-01   3.3333333333333331e-01
   0.0000000000000000e+00   0.0000000000000000e+00   0.0000000000000000e+00   0.0000000000000000e+00   3.3333333333333331e-01   0.0000000000000000e+00   0.0000000000000000e+00   0.0000000000000000e+00   6.6666666666666663e-01   0.0000000000000000e+00
   0.0000000000000000e+00   0.0000000000000000e+00   0.0000000000000000e+00   0.0000000000000000e+00   3.3333333333333331e-01   0.0000000000000000e+00   0.0000000000000000e+00   3.3333333333333331e-01   0.0000000000000000e+00   3.3333333333333331e-01
   0.0000000000000000e+00   0.0000000000000000e+00   0.0000000000000000e+00   0.0000000000000000e+00   3.3333333333333331e-01   0.0000000000000000e+00   0.0000000000000000e+00   3.3333333333333331e-01   3.3333333333333331e-01   0.0000000000000000e+00
   0.0000000000000000e+00   0.0000000000000000e+00   0.0000000000000000e+00   0.0000000000000000e+00   3.3333333333333331e-01   0.0000000000000000e+00   0.0000000000000000e+00   6.6666666666666663e-01   0.0000000000000000e+00   0.0000000000000000e+00
   0.0000000000000000e+00   0.0000000000000000e+00   0.0000000000000000e+00   0.0000000000000000e+00   3.3333333333333331e-01   0.0000000000000000e+00   3.3333333333333331e-01   0.0000000000000000e+00   0.0000000000000000e+00   3.3333333333333331e-01
   0.0000000000000000e+00   0.0000000000000000e+00   0.0000000000000000e+00   0.0000000000000000e+00   3.3333333333333331e-01   0.0000000000000000e+00   3.3333333333333331e-01   0.0000000000000000e+00   3.3333333333333331e-01   0.0000000000000000e+00
   0.0000000000000000e+00   0.0000000000000000e+00   0.0000000000000000e+00   0.0000000000000000e+00   3.3333333333333331e-01   0.0000000000000000e+00   3.3333333333333331e-01   3.3333333333333331e-01   0.0000000000000000e+00   0.0000000000000000e+00
   0.0000000000000000e+00   0.0000000000000000e+00   0.0000000000000000e+00   0.0000000000000000e+00   3.3333333333333331e-01   0.0000000000000000e+00   6.6666666666666663e-01   0.0000000000000000e+00   0.0000000000000000e+00   0.0000000000000000e+00
   0.0000000000000000e+00   0.0000000000000000e+00   0.0000000000000000e+00   0.0000000000000000e+00   3.3333333333333331e-01   3.3333333333333331e-01   0.0000000000000000e+00   0.0000000000000000e+00   0.0000000000000000e+00   3.3333333333333331e-01
   0.0000000000000000e+00   0.0000000000000000e+00   0.0000000000000000e+00   0.0000000000000000e+00   3.3333333333333331e-01   3.3333333333333331e-01   0.0000000000000000e+00   0.0000000000000000e+00   3.3333333333333331e-01   0.0000000000000000e+00
   0.0000000000000000e+00   0.0000000000000000e+00   0.0000000000000000e+00   0.0000000000000000e+00   3.3333333333333331e-01   3.3333333333333331e-01   0.0000000000000000e+00   3.3333333333333331e-01   0.0000000000000000e+00   0.0000000000000000e+00
   0.0000000000000000e+00   0.0000000000000000e+00   0.0000000000000000e+00   0.0000000000000000e+00   3.3333333333333331e-01   3.3333333333333331e-01   3.3333333333333331e-01   0.0000000000000000e+00   0.0000000000000000e+00   0.0000000000000000e+00
   0.0000000000000000e+00   0.0000000000000000e+00   0.0000000000000000e+00   0.0000000000000000e+00   3.3333333333333331e-01   6.6666666666666663e-01   0.0000000000000000e+00   0.0000000000000000e+00   0.0000000000000000e+00   0.0000000000000000e+00
   0.0000000000000000e+00   0.0000000000000000e+00   0.0000000000000000e+00   0.0000000000000000e+00   6.6666666666666663e-01   0.0000000000000000e+00   0.0000000000000000e+00   0.0000000000000000e+00   0.0000000000000000e+00   3.3333333333333331e-01
   0.0000000000000000e+00   0.0000000000000000e+00   0.0000000000000000e+00   0.0000000000000000e+00   6.6666666666666663e-01   0.0000000000000000e+00   0.0000000000000000e+00   0.0000000000000000e+00   3.3333333333333331e-01   0.0000000000000000e+00
   0.0000000000000000e+00   0.0000000000000000e+00   0.0000000000000000e+00   0.0000000000000000e+00   6.6666666666666663e-01   0.0000000000000000e+00   0.0000000000000000e+00   3.3333333333333331e-01   0.0000000000000000e+00   0.0000000000000000e+00
   0.0000000000000000e+00   0.0000000000000000e+00   0.0000000000000000e+00   0.0000000000000000e+00   6.6666666666666663e-01   0.0000000000000000e+00   3.3333333333333331e-01   0.0000000000000000e+00   0.0000000000000000e+00   0.0000000000000000e+00
   0.0000000000000000e+00   0.0000000000000000e+00   0.0000000000000000e+00   0.0000000000000000e+00   6.6666666666666663e-01   3.3333333333333331e-01   0.0000000000000000e+00   0.0000000000000000e+00   0.0000000000000000e+00   0.0000000000000000e+00
   0.0000000000000000e+00   0.0000000000000000e+00   0.0000000000000000e+00   0.0000000000000000e+00   1.0000000000000000e+00   0.0000000000000000e+00   0.0000000000000000e+00   0.0000000000000000e+00   0.0000000000000000e+00   0.0000000000000000e+00
   0.0000000000000000e+00   0.0000000000000000e+00   0.0000000000000000e+00   3.3333333333333331e-01   0.0000000000000000e+00   0.0000000000000000e+00   0.0000000000000000e+00   0.0000000000000000e+00   0.0000000000000000e+00   6.6666666666666663e-01
   0.0000000000000000e+00   0.0000000000000000e+00   0.0000000000000000e+00   3.3333333333333331e-01   0.0000000000000000e+00   0.0000000000000000e+00   0.0000000000000000e+00   0.0000000000000000e+00   3.3333333333333331e-01   3.3333333333333331e-01
   0.0000000000000000e+00   0.0000000000000000e+00   0.0000000000000000e+00   3.3333333333333331e-01   0.0000000000000000e+00   0.0000000000000000e+00   0.0000000000000000e+00   0.0000000000000000e+00   6.6666666666666663e-01   0.0000000000000000e+00
   0.0000000000000000e+00   0.0000000000000000e+00   0.0000000000000000e+00   3.3333333333333331e-01   0.0000000000000000e+00   0.0000000000000000e+00   0.0000000000000000e+00   3.3333333333333331e-01   0.0000000000000000e+00   3.3333333333333331e-01
   0.0000000000000000e+00   0.0000000000000000e+00   0.0000000000000000e+00   3.3333333333333331e-01   0.0000000000000000e+00   0.0000000000000000e+00   0.0000000000000000e+00   3.3333333333333331e-01   3.3333333333333331e-01   0.0000000000000000e+00
   0.0000000000000000e+00   0.0000000000000000e+00   0.0000000000000000e+00   3.3333333333333331e-01   0.0000000000000000e+00   0.0000000000000000e+00   0.0000000000000000e+00   6.6666666666666663e-01   0.0000000000000000e+00   0.0000000000000000e+00
   0.0000000000000000e+00   0.0000000000000000e+00   0.0000000000000000e+00   3.3333333333333331e-01   0.0000000000000000e+00   0.0000000000000000e+00   3.3333333333333331e-01   0.0000000000000000e+00   0.0000000000000000e+00   3.3333333333333331e-01
   0.0000000000000000e+00   0.0000000000000000e+00   0.0000000000000000e+00   3.3333333333333331e-01   0.0000000000000000e+00   0.0000000000000000e+00   3.3333333333333331e-01   0.0000000000000000e+00   3.3333333333333331e-01   0.0000000000000000e+00
   0.0000000000000000e+00   0.0000000000000000e+00   0.0000000000000000e+00   3.3333333333333331e-01   0.0000000000000000e+00   0.0000000000000000e+00   3.3333333333333331e-01   3.3333333333333331e-01   0.0000000000000000e+00   0.0000000000000000e+00
   0.0000000000000000e+00   0.0000000000000000e+00   0.0000000000000000e+00   3.3333333333333331e-01   0.0000000000000000e+00   0.0000000000000000e+00   6.6666666666666663e-01   0.0000000000000000e+00   0.0000000000000000e+00   0.0000000000000000e+00
   0.0000000000000000e+00   0.0000000000000000e+00   0.0000000000000000e+00   3.3333333333333331e-01   0.0000000000000000e+00   3.3333333333333331e-01   0.0000000000000000e+00   0.0000000000000000e+00   0.0000000000000000e+00   3.3333333333333331e-01
   0.0000000000000000e+00   0.0000000000000000e+00   0.0000000000000000e+00   3.3333333333333331e-01   0.0000000000000000e+00   3.3333333333333331e-01   0.0000000000000000e+00   0.0000000000000000e+00   3.3333333333333331e-01   0.0000000000000000e+00
   0.0000000000000000e+00   0.0000000000000000e+00   0.0000000000000000e+00   3.3333333333333331e-01   0.0000000000000000e+00   3.3333333333333331e-01   0.0000000000000000e+00   3.3333333333333331e-01   0.0000000000000000e+00   0.0000000000000000e+00
   0.0000000000000000e+00   0.0000000000000000e+00   0.0000000000000000e+00   3.3333333333333331e-01   0.0000000000000000e+00   3.3333333333333331e-01   3.3333333333333331e-01   0.0000000000000000e+00   0.0000000000000000e+00   0.0000000000000000e+00
   0.0000000000000000e+00   0.0000000000000000e+00   0.0000000000000000e+00   3.3333333333333331e-01   0.0000000000000000e+00   6.6666666666666663e-01   0.0000000000000000e+00   0.0000000000000000e+00   0.0000000000000000e+00   0.0000000000000000e+00
   0.0000000000000000e+00   0.0000000000000000e+00   0.0000000000000000e+00   3.3333333333333331e-01   3.3333333333333331e-01   0.0000000000000000e+00   0.0000000000000000e+00   0.0000000000000000e+00   0.0000000000000000e+00   3.3333333333333331e-01
   0.0000000000000000e+00   0.0000000000000000e+00   0.0000000000000000e+00   3.3333333333333331e-01   3.3333333333333331e-01   0.0000000000000000e+00   0.0000000000000000e+00   0.0000000000000000e+00   3.3333333333333331e-01   0.0000000000000000e+00
   0.0000000000000000e+00   0.0000000000000000e+00   0.0000000000000000e+00   3.3333333333333331e-01   3.3333333333333331e-01   0.0000000000000000e+00   0.0000000000000000e+00   3.3333333333333331e-01   0.0000000000000000e+00   0.0000000000000000e+00
   0.0000000000000000e+00   0.0000000000000000e+00   0.0000000000000000e+00   3.3333333333333331e-01   3.3333333333333331e-01   0.0000000000000000e+00   3.3333333333333331e-01   0.0000000000000000e+00   0.0000000000000000e+00   0.0000000000000000e+00
   0.0000000000000000e+00   0.0000000000000000e+00   0.0000000000000000e+00   3.3333333333333331e-01   3.3333333333333331e-01   3.3333333333333331e-01   0.0000000000000000e+00   0.0000000000000000e+00   0.0000000000000000e+00   0.0000000000000000e+00
   0.0000000000000000e+00   0.0000000000000000e+00   0.0000000000000000e+00   3.3333333333333331e-01   6.6666666666666663e-01   0.0000000000000000e+00   0.0000000000000000e+00   0.0000000000000000e+00   0.0000000000000000e+00   0.0000000000000000e+00
   0.0000000000000000e+00   0.0000000000000000e+00   0.0000000000000000e+00   6.6666666666666663e-01   0.0000000000000000e+00   0.0000000000000000e+00   0.0000000000000000e+00   0.0000000000000000e+00   0.0000000000000000e+00   3.3333333333333331e-01
   0.0000000000000000e+00   0.0000000000000000e+00   0.0000000000000000e+00   6.6666666666666663e-01   0.0000000000000000e+00   0.0000000000000000e+00   0.0000000000000000e+00   0.0000000000000000e+00   3.3333333333333331e-01   0.0000000000000000e+00
   0.0000000000000000e+00   0.0000000000000000e+00   0.0000000000000000e+00   6.6666666666666663e-01   0.0000000000000000e+00   0.0000000000000000e+00   0.0000000000000000e+00   3.3333333333333331e-01   0.0000000000000000e+00   0.0000000000000000e+00
   0.0000000000000000e+00   0.0000000000000000e+00   0.0000000000000000e+00   6.6666666666666663e-01   0.0000000000000000e+00   0.0000000000000000e+00   3.3333333333333331e-01   0.0000000000000000e+00   0.0000000000000000e+00   0.0000000000000000e+00
   0.0000000000000000e+00   0.0000000000000000e+00   0.0000000000000000e+00   6.6666666666666663e-01   0.0000000000000000e+00   3.3333333333333331e-01   0.0000000000000000e+00   0.0000000000000000e+00   0.0000000000000000e+00   0.0000000000000000e+00
   0.0000000000000000e+00   0.0000000000000000e+00   0.0000000000000000e+00   6.6666666666666663e-01   3.3333333333333331e-01   0.0000000000000000e+00   0.0000000000000000e+00   0.0000000000000000e+00   0.0000000000000000e+00   0.0000000000000000e+00
   0.0000000000000000e+00   0.0000000000000000e+00   0.0000000000000000e+00   1.0000000000000000e+00   0.0000000000000000e+00   0.0000000000000000e+00   0.0000000000000000e+00   0.0000000000000000e+00   0.0000000000000000e+00   0.0000000000000000e+00
   0.0000000000000000e+00   0.0000000000000000e+00   3.3333333333333331e-01   0.0000000000000000e+00   0.0000000000000000e+00   0.0000000000000000e+00   0.0000000000000000e+00   0.0000000000000000e+00   0.0000000000000000e+00   6.6666666666666663e-01
   0.0000000000000000e+00   0.0000000000000000e+00   3.3333333333333331e-01   0.0000000000000000e+00   0.0000000000000000e+00   0.0000000000000000e+00   0.0000000000000000e+00   0.0000000000000000e+00   3.3333333333333331e-01   3.3333333333333331e-01
   0.0000000000000000e+00   0.0000000000000000e+00   3.3333333333333331e-01   0.0000000000000000e+00   0.0000000000000000e+00   0.0000000000000000e+00   0.0000000000000000e+00   0.0000000000000000e+00   6.6666666666666663e-01   0.0000000000000000e+00
   0.0000000000000000e+00   0.0000000000000000e+00   3.3333333333333331e-01   0.0000000000000000e+00   0.0000000000000000e+00   0.0000000000000000e+00   0.0000000000000000e+00   3.3333333333333331e-01   0.0000000000000000e+00   3.3333333333333331e-01
   0.0000000000000000e+00   0.0000000000000000e+00   3.3333333333333331e-01   0.0000000000000000e+00   0.0000000000000000e+00   0.0000000000000000e+00   0.0000000000000000e+00   3.3333333333333331e-01   3.3333333333333331e-01   0.0000000000000000e+00
   0.0000000000000000e+00   0.0000000000000000e+00   3.3333333333333331e-01   0.0000000000000000e+00   0.0000000000000000e+00   0.0000000000000000e+00   0.0000000000000000e+00   6.6666666666666663e-01   0.0000000000000000e+00   0.0000000000000000e+00
   0.0000000000000000e+00   0.0000000000000000e+00   3.3333333333333331e-01   0.0000000000000000e+00   0.0000000000000000e+00   0.0000000000000000e+00   3.3333333333333331e-01   0.0000000000000000e+00   0.0000000000000000e+00   3.3333333333333331e-01
   0.0000000000000000e+00   0.0000000000000000e+00   3.3333333333333331e-01   0.0000000000000000e+00   0.0000000000000000e+00   0.0000000000000000e+00   3.3333333333333331e-01   0.0000000000000000e+00   3.3333333333333331e-01   0.0000000000000000e+00
   0.0000000000000000e+00   0.0000000000000000e+00   3.3333333333333331e-01   0.0000000000000000e+00   0.0000000000000000e+00   0.0000000000000000e+00   3.3333333333333331e-01   3.3333333333333331e-01   0.0000000000000000e+00   0.0000000000000000e+00
   0.0000000000000000e+00   0.0000000000000000e+00   3.3333333333333331e-01   0.0000000000000000e+00   0.0000000000000000e+00   0.0000000000000000e+00   6.6666666666666663e-01   0.0000000000000000e+00   0.0000000000000000e+00   0.0000000000000000e+00
   0.0000000000000000e+00   0.0000000000000000e+00   3.3333333333333331e-01   0.0000000000000000e+00   0.0000000000000000e+00   3.3333333333333331e-01   0.0000000000000000e+00   0.0000000000000000e+00   0.0000000000000000e+00   3.3333333333333331e-01
   0.0000000000000000e+00   0.0000000000000000e+00   3.3333333333333331e-01   0.0000000000000000e+00   0.0000000000000000e+00   3.3333333333333331e-01   0.0000000000000000e+00   0.0000000000000000e+00   3.3333333333333331e-01   0.0000000000000000e+00
   0.0000000000000000e+00   0.0000000000000000e+00   3.3333333333333331e-01   0.0000000000000000e+00   0.0000000000000000e+00   3.3333333333333331e-01   0.0000000000000000e+00   3.3333333333333331e-01   0.0000000000000000e+00   0.0000000000000000e+00
   0.0000000000000000e+00   0.0000000000000000e+00   3.3333333333333331e-01   0.0000000000000000e+00   0.0000000000000000e+00   3.3333333333333331e-01   3.3333333333333331e-01   0.0000000000000000e+00   0.0000000000000000e+00   0.0000000000000000e+00
   0.0000000000000000e+00   0.0000000000000000e+00   3.3333333333333331e-01   0.0000000000000000e+00   0.0000000000000000e+00   6.6666666666666663e-01   0.0000000000000000e+00   0.0000000000000000e+00   0.0000000000000000e+00   0.0000000000000000e+00
   0.0000000000000000e+00   0.0000000000000000e+00   3.3333333333333331e-01   0.0000000000000000e+00   3.3333333333333331e-01   0.0000000000000000e+00   0.0000000000000000e+00   0.0000000000000000e+00   0.0000000000000000e+00   3.3333333333333331e-01
   0.0000000000000000e+00   0.0000000000000000e+00   3.3333333333333331e-01   0.0000000000000000e+00   3.3333333333333331e-01   0.0000000000000000e+00   0.0000000000000000e+00   0.0000000000000000e+00   3.3333333333333331e-01   0.0000000000000000e+00
   0.0000000000000000e+00   0.0000000000000000e+00   3.3333333333333331e-01   0.0000000000000000e+00   3.3333333333333331e-01   0.0000000000000000e+00   0.0000000000000000e+00   3.3333333333333331e-01   0.0000000000000000e+00   0.0000000000000000e+00
   0.0000000000000000e+00   0.0000000000000000e+00   3.3333333333333331e-01   0.0000000000000000e+00   3.3333333333333331e-01   0.0000000000000000e+00   3.3333333333333331e-01   0.0000000000000000e+00   0.0000000000000000e+00   0.0000000000000000e+00
   0.0000000000000000e+00   0.0000000000000000e+00   3.3333333333333331e-01   0.0000000000000000e+00   3.3333333333333331e-01   3.3333333333333331e-01   0.0000000000000000e+00   0.0000000000000000e+00   0.0000000000000000e+00   0.0000000000000000e+00
   0.0000000000000000e+00   0.0000000000000000e+00   3.3333333333333331e-01   0.0000000000000000e+00   6.6666666666666663e-01   0.0000000000000000e+00   0.0000000000000000e+00   0.0000000000000000e+00   0.0000000000000000e+00   0.0000000000000000e+00
   0.0000000000000000e+00   0.0000000000000000e+00   3.3333333333333331e-01   3.3333333333333331e-01   0.0000000000000000e+00   0.0000000000000000e+00   0.0000000000000000e+00   0.0000000000000000e+00   0.0000000000000000e+00   3.3333333333333331e-01
   0.0000000000000000e+00   0.0000000000000000e+00   3.3333333333333331e-01   3.3333333333333331e-01   0.0000000000000000e+00   0.0000000000000000e+00   0.0000000000000000e+00   0.0000000000000000e+00   3.3333333333333331e-01   0.0000000000000000e+00
   0.0000000000000000e+00   0.0000000000000000e+00   3.3333333333333331e-01   3.3333333333333331e-01   0.0000000000000000e+00   0.0000000000000000e+00   0.0000000000000000e+00   3.3333333333333331e-01   0.0000000000000000e+00   0.0000000000000000e+00
   0.0000000000000000e+00   0.0000000000000000e+00   3.3333333333333331e-01   3.3333333333333331e-01   0.0000000000000000e+00   0.0000000000000000e+00   3.3333333333333331e-01   0.0000000000000000e+00   0.0000000000000000e+00   0.0000000000000000e+00
   0.0000000000000000e+00   0.0000000000000000e+00   3.3333333333333331e-01   3.3333333333333331e-01   0.0000000000000000e+00   3.3333333333333331e-01   0.0000000000000000e+00   0.0000000000000000e+00   0.0000000000000000e+00   0.0000000000000000e+00
   0.0000000000000000e+00   0.0000000000000000e+00   3.3333333333333331e-01   3.3333333333333331e-01   3.3333333333333331e-01   0.0000000000000000e+00   0.0000000000000000e+00   0.0000000000000000e+00   0.0000000000000000e+00   0.0000000000000000e+00
   0.0000000000000000e+00   0.0000000000000000e+00   3.3333333333333331e-01   6.6666666666666663e-01   0.0000000000000000e+00   0.0000000000000000e+00   0.0000000000000000e+00   0.0000000000000000e+00   0.0000000000000000e+00   0.0000000000000000e+00
   0.0000000000000000e+00   0.0000000000000000e+00   6.6666666666666663e-01   0.0000000000000000e+00   0.0000000000000000e+00   0.0000000000000000e+00   0.0000000000000000e+00   0.0000000000000000e+00   0.0000000000000000e+00   3.3333333333333331e-01
   0.0000000000000000e+00   0.0000000000000000e+00   6.6666666666666663e-01   0.0000000000000000e+00   0.0000000000000000e+00   0.0000000000000000e+00   0.0000000000000000e+00   0.0000000000000000e+00   3.3333333333333331e-01   0.0000000000000000e+00
   0.0000000000000000e+00   0.0000000000000000e+00   6.6666666666666663e-01   0.0000000000000000e+00   0.0000000000000000e+00   0.0000000000000000e+00   0.0000000000000000e+00   3.3333333333333331e-01   0.0000000000000000e+00   0.0000000000000000e+00
   0.0000000000000000e+00   0.0000000000000000e+00   6.6666666666666663e-01   0.0000000000000000e+00   0.0000000000000000e+00   0.0000000000000000e+00   3.3333333333333331e-01   0.0000000000000000e+00   0.0000000000000000e+00   0.0000000000000000e+00
   0.0000000000000000e+00   0.0000000000000000e+00   6.6666666666666663e-01   0.0000000000000000e+00   0.0000000000000000e+00   3.3333333333333331e-01   0.0000000000000000e+00   0.0000000000000000e+00   0.0000000000000000e+00   0.0000000000000000e+00
   0.0000000000000000e+00   0.0000000000000000e+00   6.6666666666666663e-01   0.0000000000000000e+00   3.3333333333333331e-01   0.0000000000000000e+00   0.0000000000000000e+00   0.0000000000000000e+00   0.0000000000000000e+00   0.0000000000000000e+00
   0.0000000000000000e+00   0.0000000000000000e+00   6.6666666666666663e-01   3.3333333333333331e-01   0.0000000000000000e+00   0.0000000000000000e+00   0.0000000000000000e+00   0.0000000000000000e+00   0.0000000000000000e+00   0.0000000000000000e+00
   0.0000000000000000e+00   0.0000000000000000e+00   1.0000000000000000e+00   0.0000000000000000e+00   0.0000000000000000e+00   0.0000000000000000e+00   0.0000000000000000e+00   0.0000000000000000e+00   0.0000000000000000e+00   0.0000000000000000e+00
   0.0000000000000000e+00   3.3333333333333331e-01   0.0000000000000000e+00   0.0000000000000000e+00   0.0000000000000000e+00   0.0000000000000000e+00   0.0000000000000000e+00   0.0000000000000000e+00   0.0000000000000000e+00   6.6666666666666663e-01
   0.0000000000000000e+00   3.3333333333333331e-01   0.0000000000000000e+00   0.0000000000000000e+00   0.0000000000000000e+00   0.0000000000000000e+00   0.0000000000000000e+00   0.0000000000000000e+00   3.3333333333333331e-01   3.3333333333333331e-01
   0.0000000000000000e+00   3.3333333333333331e-01   0.0000000000000000e+00   0.0000000000000000e+00   0.0000000000000000e+00   0.0000000000000000e+00   0.0000000000000000e+00   0.0000000000000000e+00   6.6666666666666663e-01   0.0000000000000000e+00
   0.0000000000000000e+00   3.3333333333333331e-01   0.0000000000000000e+00   0.0000000000000000e+00   0.0000000000000000e+00   0.0000000000000000e+00   0.0000000000000000e+00   3.3333333333333331e-01   0.0000000000000000e+00   3.3333333333333331e-01
   0.0000000000000000e+00   3.3333333333333331e-01   0.0000000000000000e+00   0.0000000000000000e+00   0.0000000000000000e+00   0.0000000000000000e+00   0.0000000000000000e+00   3.3333333333333331e-01   3.3333333333333331e-01   0.0000000000000000e+00
   0.0000000000000000e+00   3.3333333333333331e-01   0.0000000000000000e+00   0.0000000000000000e+00   0.0000000000000000e+00   0.0000000000000000e+00   0.0000000000000000e+00   6.6666666666666663e-01   0.0000000000000000e+00   0.0000000000000000e+00
   0.0000000000000000e+00   3.3333333333333331e-01   0.0000000000000000e+00   0.0000000000000000e+00   0.0000000000000000e+00   0.0000000000000000e+00   3.3333333333333331e-01   0.0000000000000000e+00   0.0000000000000000e+00   3.3333333333333331e-01
   0.0000000000000000e+00   3.3333333333333331e-01   0.0000000000000000e+00   0.0000000000000000e+00   0.0000000000000000e+00   0.0000000000000000e+00   3.3333333333333331e-01   0.0000000000000000e+00   3.3333333333333331e-01   0.0000000000000000e+00
   0.0000000000000000e+00   3.3333333333333331e-01   0.0000000000000000e+00   0.0000000000000000e+00   0.0000000000000000e+00   0.0000000000000000e+00   3.3333333333333331e-01   3.3333333333333331e-01   0.0000000000000000e+00   0.0000000000000000e+00
   0.0000000000000000e+00   3.3333333333333331e-01   0.0000000000000000e+00   0.0000000000000000e+00   0.0000000000000000e+00   0.0000000000000000e+00   6.6666666666666663e-01   0.0000000000000000e+00   0.0000000000000000e+00   0.0000000000000000e+00
   0.0000000000000000e+00   3.3333333333333331e-01   0.0000000000000000e+00   0.0000000000000000e+00   0.0000000000000000e+00   3.3333333333333331e-01   0.0000000000000000e+00   0.0000000000000000e+00   0.0000000000000000e+00   3.3333333333333331e-01
   0.0000000000000000e+00   3.3333333333333331e-01   0.0000000000000000e+00   0.0000000000000000e+00   0.0000000000000000e+00   3.3333333333333331e-01   0.0000000000000000e+00   0.0000000000000000e+00   3.3333333333333331e-01   0.0000000000000000e+00
   0.0000000000000000e+00   3.3333333333333331e-01   0.0000000000000000e+00   0.0000000000000000e+00   0.0000000000000000e+00   3.3333333333333331e-01   0.0000000000000000e+00   3.3333333333333331e-01   0.0000000000000000e+00   0.0000000000000000e+00
   0.0000000000000000e+00   3.3333333333333331e-01   0.0000000000000000e+00   0.0000000000000000e+00   0.0000000000000000e+00   3.3333333333333331e-01   3.3333333333333331e-01   0.0000000000000000e+00   0.0000000000000000e+00   0.0000000000000000e+00
   0.0000000000000000e+00   3.3333333333333331e-01   0.0000000000000000e+00   0.0000000000000000e+00   0.0000000000000000e+00   6.6666666666666663e-01   0.0000000000000000e+00   0.0000000000000000e+00   0.0000000000000000e+00   0.0000000000000000e+00
   0.0000000000000000e+00   3.3333333333333331e-01   0.0000000000000000e+00   0.0000000000000000e+00   3.3333333333333331e-01   0.0000000000000000e+00   0.0000000000000000e+00   0.0000000000000000e+00   0.0000000000000000e+00   3.3333333333333331e-01
   0.0000000000000000e+00   3.3333333333333331e-01   0.0000000000000000e+00   0.0000000000000000e+00   3.3333333333333331e-01   0.0000000000000000e+00   0.0000000000000000e+00   0.0000000000000000e+00   3.3333333333333331e-01   0.0000000000000000e+00
   0.0000000000000000e+00   3.3333333333333331e-01   0.0000000000000000e+00   0.0000000000000000e+00   3.3333333333333331e-01   0.0000000000000000e+00   0.0000000000000000e+00   3.3333333333333331e-01   0.0000000000000000e+00   0.0000000000000000e+00
   0.0000000000000000e+00   3.3333333333333331e-01   0.0000000000000000e+00   0.0000000000000000e+00   3.3333333333333331e-01   0.0000000000000000e+00   3.3333333333333331e-01   0.0000000000000000e+00   0.0000000000000000e+00   0.0000000000000000e+00
   0.0000000000000000e+00   3.3333333333333331e-01   0.0000000000000000e+00   0.0000000000000000e+00   3.3333333333333331e-01   3.3333333333333331e-01   0.0000000000000000e+00   0.0000000000000000e+00   0.0000000000000000e+00   0.0000000000000000e+00
   0.0000000000000000e+00   3.3333333333333331e-01   0.0000000000000000e+00   0.0000000000000000e+00   6.6666666666666663e-01   0.0000000000000000e+00   0.0000000000000000e+00   0.0000000000000000e+00   0.0000000000000000e+00   0.0000000000000000e+00
   0.0000000000000000e+00   3.3333333333333331e-01   0.0000000000000000e+00   3.3333333333333331e-01   0.0000000000000000e+00   0.0000000000000000e+00   0.0000000000000000e+00   0.0000000000000000e+00   0.0000000000000000e+00   3.3333333333333331e-01
   0.0000000000000000e+00   3.3333333333333331e-01   0.0000000000000000e+00   3.3333333333333331e-01   0.0000000000000000e+00   0.0000000000000000e+00   0.0000000000000000e+00   0.0000000000000000e+00   3.3333333333333331e-01   0.0000000000000000e+00
   0.0000000000000000e+00   3.3333333333333331e-01   0.0000000000000000e+00   3.3333333333333331e-01   0.0000000000000000e+00   0.0000000000000000e+00   0.0000000000000000e+00   3.3333333333333331e-01   0.0000000000000000e+00   0.0000000000000000e+00
   0.0000000000000000e+00   3.3333333333333331e-01   0.0000000000000000e+00   3.3333333333333331e-01   0.0000000000000000e+00   0.0000000000000000e+00   3.3333333333333331e-01   0.0000000000000000e+00   0.0000000000000000e+00   0.0000000000000000e+00
   0.0000000000000000e+00   3.3333333333333331e-01   0.0000000000000000e+00   3.3333333333333331e-01   0.0000000000000000e+00   3.3333333333333331e-01   0.0000000000000000e+00   0.0000000000000000e+00   0.0000000000000000e+00   0.0000000000000000e+00
   0.0000000000000000e+00   3.3333333333333331e-01   0.0000000000000000e+00   3.3333333333333331e-01   3.3333333333333331e-01   0.0000000000000000e+00   0.0000000000000000e+00   0.0000000000000000e+00   0.0000000000000000e+00   0.0000000000000000e+00
   0.0000000000000000e+00   3.3333333333333331e-01   0.0000000000000000e+00   6.6666666666666663e-01   0.0000000000000000e+00   0.0000000000000000e+00   0.0000000000000000e+00   0.0000000000000000e+00   0.0000000000000000e+00   0.0000000000000000e+00
   0.0000000000000000e+00   3.3333333333333331e-01   3.3333333333333331e-01   0.0000000000000000e+00   0.0000000000000000e+00   0.0000000000000000e+00   0.0000000000000000e+00   0.0000000000000000e+00   0.0000000000000000e+00   3.3333333333333331e-01
   0.0000000000000000e+00   3.3333333333333331e-01   3.3333333333333331e-01   0.0000000000000000e+00   0.0000000000000000e+00   0.0000000000000000e+00   0.0000000000000000e+00   0.0000000000000000e+00   3.3333333333333331e-01   0.0000000000000000e+00
   0.0000000000000000e+00   3.3333333333333331e-01   3.3333333333333331e-01   0.0000000000000000e+00   0.0000000000000000e+00   0.0000000000000000e+00   0.0000000000000000e+00   3.3333333333333331e-01   0.0000000000000000e+00   0.0000000000000000e+00
   0.0000000000000000e+00   3.3333333333333331e-01   3.3333333333333331e-01   0.0000000000000000e+00   0.0000000000000000e+00   0.0000000000000000e+00   3.3333333333333331e-01   0.0000000000000000e+00   0.0000000000000000e+00   0.0000000000000000e+00
   0.0000000000000000e+00   3.3333333333333331e-01   3.3333333333333331e-01   0.0000000000000000e+00   0.0000000000000000e+00   3.3333333333333331e-01   0.0000000000000000e+00   0.0000000000000000e+00   0.0000000000000000e+00   0.0000000000000000e+00
   0.0000000000000000e+00   3.3333333333333331e-01   3.3333333333333331e-01   0.0000000000000000e+00   3.3333333333333331e-01   0.0000000000000000e+00   0.0000000000000000e+00   0.0000000000000000e+00   0.0000000000000000e+00   0.0000000000000000e+00
   0.0000000000000000e+00   3.3333333333333331e-01   3.3333333333333331e-01   3.3333333333333331e-01   0.0000000000000000e+00   0.0000000000000000e+00   0.0000000000000000e+00   0.0000000000000000e+00   0.0000000000000000e+00   0.0000000000000000e+00
   0.0000000000000000e+00   3.3333333333333331e-01   6.6666666666666663e-01   0.0000000000000000e+00   0.0000000000000000e+00   0.0000000000000000e+00   0.0000000000000000e+00   0.0000000000000000e+00   0.0000000000000000e+00   0.0000000000000000e+00
   0.0000000000000000e+00   6.6666666666666663e-01   0.0000000000000000e+00   0.0000000000000000e+00   0.0000000000000000e+00   0.0000000000000000e+00   0.0000000000000000e+00   0.0000000000000000e+00   0.0000000000000000e+00   3.3333333333333331e-01
   0.0000000000000000e+00   6.6666666666666663e-01   0.0000000000000000e+00   0.0000000000000000e+00   0.0000000000000000e+00   0.0000000000000000e+00   0.0000000000000000e+00   0.0000000000000000e+00   3.3333333333333331e-01   0.0000000000000000e+00
   0.0000000000000000e+00   6.6666666666666663e-01   0.0000000000000000e+00   0.0000000000000000e+00   0.0000000000000000e+00   0.0000000000000000e+00   0.0000000000000000e+00   3.3333333333333331e-01   0.0000000000000000e+00   0.0000000000000000e+00
   0.0000000000000000e+00   6.6666666666666663e-01   0.0000000000000000e+00   0.0000000000000000e+00   0.0000000000000000e+00   0.0000000000000000e+00   3.3333333333333331e-01   0.0000000000000000e+00   0.0000000000000000e+00   0.0000000000000000e+00
   0.0000000000000000e+00   6.6666666666666663e-01   0.0000000000000000e+00   0.0000000000000000e+00   0.0000000000000000e+00   3.3333333333333331e-01   0.0000000000000000e+00   0.0000000000000000e+00   0.0000000000000000e+00   0.0000000000000000e+00
   0.0000000000000000e+00   6.6666666666666663e-01   0.0000000000000000e+00   0.0000000000000000e+00   3.3333333333333331e-01   0.0000000000000000e+00   0.0000000000000000e+00   0.0000000000000000e+00   0.0000000000000000e+00   0.0000000000000000e+00
   0.0000000000000000e+00   6.6666666666666663e-01   0.0000000000000000e+00   3.3333333333333331e-01   0.0000000000000000e+00   0.0000000000000000e+00   0.0000000000000000e+00   0.0000000000000000e+00   0.0000000000000000e+00   0.0000000000000000e+00
   0.0000000000000000e+00   6.6666666666666663e-01   3.3333333333333331e-01   0.0000000000000000e+00   0.0000000000000000e+00   0.0000000000000000e+00   0.0000000000000000e+00   0.0000000000000000e+00   0.0000000000000000e+00   0.0000000000000000e+00
   0.0000000000000000e+00   1.0000000000000000e+00   0.0000000000000000e+00   0.0000000000000000e+00   0.0000000000000000e+00   0.0000000000000000e+00   0.0000000000000000e+00   0.0000000000000000e+00   0.0000000000000000e+00   0.0000000000000000e+00
   3.3333333333333331e-01   0.0000000000000000e+00   0.0000000000000000e+00   0.0000000000000000e+00   0.0000000000000000e+00   0.0000000000000000e+00   0.0000000000000000e+00   0.0000000000000000e+00   0.0000000000000000e+00   6.6666666666666663e-01
   3.3333333333333331e-01   0.0000000000000000e+00   0.0000000000000000e+00   0.0000000000000000e+00   0.0000000000000000e+00   0.0000000000000000e+00   0.0000000000000000e+00   0.0000000000000000e+00   3.3333333333333331e-01   3.3333333333333331e-01
   3.3333333333333331e-01   0.0000000000000000e+00   0.0000000000000000e+00   0.0000000000000000e+00   0.0000000000000000e+00   0.0000000000000000e+00   0.0000000000000000e+00   0.0000000000000000e+00   6.6666666666666663e-01   0.0000000000000000e+00
   3.3333333333333331e-01   0.0000000000000000e+00   0.0000000000000000e+00   0.0000000000000000e+00   0.0000000000000000e+00   0.0000000000000000e+00   0.0000000000000000e+00   3.3333333333333331e-01   0.0000000000000000e+00   3.3333333333333331e-01
   3.3333333333333331e-01   0.0000000000000000e+00   0.0000000000000000e+00   0.0000000000000000e+00   0.0000000000000000e+00   0.0000000000000000e+00   0.0000000000000000e+00   3.3333333333333331e-01   3.3333333333333331e-01   0.0000000000000000e+00
   3.3333333333333331e-01   0.0000000000000000e+00   0.0000000000000000e+00   0.0000000000000000e+00   0.0000000000000000e+00   0.0000000000000000e+00   0.0000000000000000e+00   6.6666666666666663e-01   0.0000000000000000e+00   0.0000000000000000e+00
   3.3333333333333331e-01   0.0000000000000000e+00   0.0000000000000000e+00   0.0000000000000000e+00   0.0000000000000000e+00   0.0000000000000000e+00   3.3333333333333331e-01   0.0000000000000000e+00   0.0000000000000000e+00   3.3333333333333331e-01
   3.3333333333333331e-01   0.0000000000000000e+00   0.0000000000000000e+00   0.0000000000000000e+00   0.0000000000000000e+00   0.0000000000000000e+00   3.3333333333333331e-01   0.0000000000000000e+00   3.3333333333333331e-01   0.0000000000000000e+00
   3.3333333333333331e-01   0.0000000000000000e+00   0.0000000000000000e+00   0.0000000000000000e+00   0.0000000000000000e+00   0.0000000000000000e+00   3.3333333333333331e-01   3.3333333333333331e-01   0.0000000000000000e+00   0.0000000000000000e+00
   3.3333333333333331e-01   0.0000000000000000e+00   0.0000000000000000e+00   0.0000000000000000e+00   0.0000000000000000e+00   0.0000000000000000e+00   6.6666666666666663e-01   0.0000000000000000e+00   0.0000000000000000e+00   0.0000000000000000e+00
   3.3333333333333331e-01   0.0000000000000000e+00   0.0000000000000000e+00   0.0000000000000000e+00   0.0000000000000000e+00   3.3333333333333331e-01   0.0000000000000000e+00   0.0000000000000000e+00   0.0000000000000000e+00   3.3333333333333331e-01
   3.3333333333333331e-01   0.0000000000000000e+00   0.0000000000000000e+00   0.0000000000000000e+00   0.0000000000000000e+00   3.3333333333333331e-01   0.0000000000000000e+00   0.0000000000000000e+00   3.3333333333333331e-01   0.0000000000000000e+00
   3.3333333333333331e-01   0.0000000000000000e+00   0.0000000000000000e+00   0.0000000000000000e+00   0.0000000000000000e+00   3.3333333333333331e-01   0.0000000000000000e+00   3.3333333333333331e-01   0.0000000000000000e+00   0.0000000000000000e+00
   3.3333333333333331e-01   0.0000000000000000e+00   0.0000000000000000e+00   0.0000000000000000e+00   0.0000000000000000e+00   3.3333333333333331e-01   3.3333333333333331e-01   0.0000000000000000e+00   0.0000000000000000e+00   0.0000000000000000e+00
   3.3333333333333331e-01   0.0000000000000000e+00   0.0000000000000000e+00   0.0000000000000000e+00   0.0000000000000000e+00   6.6666666666666663e-01   0.0000000000000000e+00   0.0000000000000000e+00   0.0000000000000000e+00   0.0000000000000000e+00
   3.3333333333333331e-01   0.0000000000000000e+00   0.0000000000000000e+00   0.0000000000000000e+00   3.3333333333333331e-01   0.0000000000000000e+00   0.0000000000000000e+00   0.0000000000000000e+00   0.0000000000000000e+00   3.3333333333333331e-01
   3.3333333333333331e-01   0.0000000000000000e+00   0.0000000000000000e+00   0.0000000000000000e+00   3.3333333333333331e-01   0.0000000000000000e+00   0.0000000000000000e+00   0.0000000000000000e+00   3.3333333333333331e-01   0.0000000000000000e+00
   3.3333333333333331e-01   0.0000000000000000e+00   0.0000000000000000e+00   0.0000000000000000e+00   3.3333333333333331e-01   0.0000000000000000e+00   0.0000000000000000e+00   3.3333333333333331e-01   0.0000000000000000e+00   0.0000000000000000e+00
   3.3333333333333331e-01   0.0000000000000000e+00   0.0000000000000000e+00   0.0000000000000000e+00   3.3333333333333331e-01   0.0000000000000000e+00   3.3333333333333331e-01   0.0000000000000000e+00   0.0000000000000000e+00   0.0000000000000000e+00
   3.3333333333333331e-01   0.0000000000000000e+00   0.0000000000000000e+00   0.0000000000000000e+00   3.3333333333333331e-01   3.3333333333333331e-01   0.0000000000000000e+00   0.0000000000000000e+00   0.0000000000000000e+00   0.0000000000000000e+00
   3.3333333333333331e-01   0.0000000000000000e+00   0.0000000000000000e+00   0.0000000000000000e+00   6.6666666666666663e-01   0.0000000000000000e+00   0.0000000000000000e+00   0.0000000000000000e+00   0.0000000000000000e+00   0.0000000000000000e+00
   3.3333333333333331e-01   0.0000000000000000e+00   0.0000000000000000e+00   3.3333333333333331e-01   0.0000000000000000e+00   0.0000000000000000e+00   0.0000000000000000e+00   0.0000000000000000e+00   0.0000000000000000e+00   3.3333333333333331e-01
   3.3333333333333331e-01   0.0000000000000000e+00   0.0000000000000000e+00   3.3333333333333331e-01   0.0000000000000000e+00   0.0000000000000000e+00   0.0000000000000000e+00   0.0000000000000000e+00   3.3333333333333331e-01   0.0000000000000000e+00
   3.3333333333333331e-01   0.0000000000000000e+00   0.0000000000000000e+00   3.3333333333333331e-01   0.0000000000000000e+00   0.0000000000000000e+00   0.0000000000000000e+00   3.3333333333333331e-01   0.0000000000000000e+00   0.0000000000000000e+00
   3.3333333333333331e-01   0.0000000000000000e+00   0.0000000000000000e+00   3.3333333333333331e-01   0.0000000000000000e+00   0.0000000000000000e+00   3.3333333333333331e-01   0.0000000000000000e+00   0.0000000000000000e+00   0.0000000000000000e+00
   3.3333333333333331e-01   0.0000000000000000e+00   0.0000000000000000e+00   3.3333333333333331e-01   0.0000000000000000e+00   3.3333333333333331e-01   0.0000000000000000e+00   0.0000000000000000e+00   0.0000000000000000e+00   0.0000000000000000e+00
   3.3333333333333331e-01   0.0000000000000000e+00   0.0000000000000000e+00   3.3333333333333331e-01   3.3333333333333331e-01   0.0000000000000000e+00   0.0000000000000000e+00   0.0000000000000000e+00   0.0000000000000000e+00   0.0000000000000000e+00
   3.3333333333333331e-01   0.0000000000000000e+00   0.0000000000000000e+00   6.6666666666666663e-01   0.0000000000000000e+00   0.0000000000000000e+00   0.0000000000000000e+00   0.0000000000000000e+00   0.0000000000000000e+00   0.0000000000000000e+00
   3.3333333333333331e-01   0.0000000000000000e+00   3.3333333333333331e-01   0.0000000000000000e+00   0.0000000000000000e+00   0.0000000000000000e+00   0.0000000000000000e+00   0.0000000000000000e+00   0.0000000000000000e+00   3.3333333333333331e-01
   3.3333333333333331e-01   0.0000000000000000e+00   3.3333333333333331e-01   0.0000000000000000e+00   0.0000000000000000e+00   0.0000000000000000e+00   0.0000000000000000e+00   0.0000000000000000e+00   3.3333333333333331e-01   0.0000000000000000e+00
   3.3333333333333331e-01   0.0000000000000000e+00   3.3333333333333331e-01   0.0000000000000000e+00   0.0000000000000000e+00   0.0000000000000000e+00   0.0000000000000000e+00   3.3333333333333331e-01   0.0000000000000000e+00   0.0000000000000000e+00
   3.3333333333333331e-01   0.0000000000000000e+00   3.3333333333333331e-01   0.0000000000000000e+00   0.0000000000000000e+00   0.0000000000000000e+00   3.3333333333333331e-01   0.0000000000000000e+00   0.0000000000000000e+00   0.0000000000000000e+00
   3.3333333333333331e-01   0.0000000000000000e+00   3.3333333333333331e-01   0.0000000000000000e+00   0.0000000000000000e+00   3.3333333333333331e-01   0.0000000000000000e+00   0.0000000000000000e+00   0.0000000000000000e+00   0.0000000000000000e+00
   3.3333333333333331e-01   0.0000000000000000e+00   3.3333333333333331e-01   0.0000000000000000e+00   3.3333333333333331e-01   0.0000000000000000e+00   0.0000000000000000e+00   0.0000000000000000e+00   0.0000000000000000e+00   0.0000000000000000e+00
   3.3333333333333331e-01   0.0000000000000000e+00   3.3333333333333331e-01   3.3333333333333331e-01   0.0000000000000000e+00   0.0000000000000000e+00   0.0000000000000000e+00   0.0000000000000000e+00   0.0000000000000000e+00   0.0000000000000000e+00
   3.3333333333333331e-01   0.0000000000000000e+00   6.6666666666666663e-01   0.0000000000000000e+00   0.0000000000000000e+00   0.0000000000000000e+00   0.0000000000000000e+00   0.0000000000000000e+00   0.0000000000000000e+00   0.0000000000000000e+00
   3.3333333333333331e-01   3.3333333333333331e-01   0.0000000000000000e+00   0.0000000000000000e+00   0.0000000000000000e+00   0.0000000000000000e+00   0.0000000000000000e+00   0.0000000000000000e+00   0.0000000000000000e+00   3.3333333333333331e-01
   3.3333333333333331e-01   3.3333333333333331e-01   0.0000000000000000e+00   0.0000000000000000e+00   0.0000000000000000e+00   0.0000000000000000e+00   0.0000000000000000e+00   0.0000000000000000e+00   3.3333333333333331e-01   0.0000000000000000e+00
   3.3333333333333331e-01   3.3333333333333331e-01   0.0000000000000000e+00   0.0000000000000000e+00   0.0000000000000000e+00   0.0000000000000000e+00   0.0000000000000000e+00   3.3333333333333331e-01   0.0000000000000000e+00   0.0000000000000000e+00
   3.3333333333333331e-01   3.3333333333333331e-01   0.0000000000000000e+00   0.0000000000000000e+00   0.0000000000000000e+00   0.0000000000000000e+00   3.3333333333333331e-01   0.0000000000000000e+00   0.0000000000000000e+00   0.0000000000000000e+00
   3.3333333333333331e-01   3.3333333333333331e-01   0.0000000000000000e+00   0.0000000000000000e+00   0.0000000000000000e+00   3.3333333333333331e-01   0.0000000000000000e+00   0.0000000000000000e+00   0.0000000000000000e+00   0.0000000000000000e+00
   3.3333333333333331e-01   3.3333333333333331e-01   0.0000000000000000e+00   0.0000000000000000e+00   3.3333333333333331e-01   0.0000000000000000e+00   0.0000000000000000e+00   0.0000000000000000e+00   0.0000000000000000e+00   0.0000000000000000e+00
   3.3333333333333331e-01   3.3333333333333331e-01   0.0000000000000000e+00   3.3333333333333331e-01   0.0000000000000000e+00   0.0000000000000000e+00   0.0000000000000000e+00   0.0000000000000000e+00   0.0000000000000000e+00   0.0000000000000000e+00
   3.3333333333333331e-01   3.3333333333333331e-01   3.3333333333333331e-01   0.0000000000000000e+00   0.0000000000000000e+00   0.0000000000000000e+00   0.0000000000000000e+00   0.0000000000000000e+00   0.0000000000000000e+00   0.0000000000000000e+00
   3.3333333333333331e-01   6.6666666666666663e-01   0.0000000000000000e+00   0.0000000000000000e+00   0.0000000000000000e+00   0.0000000000000000e+00   0.0000000000000000e+00   0.0000000000000000e+00   0.0000000000000000e+00   0.0000000000000000e+00
   6.6666666666666663e-01   0.0000000000000000e+00   0.0000000000000000e+00   0.0000000000000000e+00   0.0000000000000000e+00   0.0000000000000000e+00   0.0000000000000000e+00   0.0000000000000000e+00   0.0000000000000000e+00   3.3333333333333331e-01
   6.6666666666666663e-01   0.0000000000000000e+00   0.0000000000000000e+00   0.0000000000000000e+00   0.0000000000000000e+00   0.0000000000000000e+00   0.0000000000000000e+00   0.0000000000000000e+00   3.3333333333333331e-01   0.0000000000000000e+00
   6.6666666666666663e-01   0.0000000000000000e+00   0.0000000000000000e+00   0.0000000000000000e+00   0.0000000000000000e+00   0.0000000000000000e+00   0.0000000000000000e+00   3.3333333333333331e-01   0.0000000000000000e+00   0.0000000000000000e+00
   6.6666666666666663e-01   0.0000000000000000e+00   0.0000000000000000e+00   0.0000000000000000e+00   0.0000000000000000e+00   0.0000000000000000e+00   3.3333333333333331e-01   0.0000000000000000e+00   0.0000000000000000e+00   0.0000000000000000e+00
   6.6666666666666663e-01   0.0000000000000000e+00   0.0000000000000000e+00   0.0000000000000000e+00   0.0000000000000000e+00   3.3333333333333331e-01   0.0000000000000000e+00   0.0000000000000000e+00   0.0000000000000000e+00   0.0000000000000000e+00
   6.6666666666666663e-01   0.0000000000000000e+00   0.0000000000000000e+00   0.0000000000000000e+00   3.3333333333333331e-01   0.0000000000000000e+00   0.0000000000000000e+00   0.0000000000000000e+00   0.0000000000000000e+00   0.0000000000000000e+00
   6.6666666666666663e-01   0.0000000000000000e+00   0.0000000000000000e+00   3.3333333333333331e-01   0.0000000000000000e+00   0.0000000000000000e+00   0.0000000000000000e+00   0.0000000000000000e+00   0.0000000000000000e+00   0.0000000000000000e+00
   6.6666666666666663e-01   0.0000000000000000e+00   3.3333333333333331e-01   0.0000000000000000e+00   0.0000000000000000e+00   0.0000000000000000e+00   0.0000000000000000e+00   0.0000000000000000e+00   0.0000000000000000e+00   0.0000000000000000e+00
   6.6666666666666663e-01   3.3333333333333331e-01   0.0000000000000000e+00   0.0000000000000000e+00   0.0000000000000000e+00   0.0000000000000000e+00   0.0000000000000000e+00   0.0000000000000000e+00   0.0000000000000000e+00   0.0000000000000000e+00
   1.0000000000000000e+00   0.0000000000000000e+00   0.0000000000000000e+00   0.0000000000000000e+00   0.0000000000000000e+00   0.0000000000000000e+00   0.0000000000000000e+00   0.0000000000000000e+00   0.0000000000000000e+00   0.0000000000000000e+00
   5.0000000000000003e-02   5.0000000000000003e-02   5.0000000000000003e-02   5.0000000000000003e-02   5.0000000000000003e-02   5.0000000000000003e-02   5.0000000000000003e-02   5.0000000000000003e-02   5.0000000000000003e-02   5.5000000000000004e-01
   5.0000000000000003e-02   5.0000000000000003e-02   5.0000000000000003e-02   5.0000000000000003e-02   5.0000000000000003e-02   5.0000000000000003e-02   5.0000000000000003e-02   5.0000000000000003e-02   2.9999999999999999e-01   2.9999999999999999e-01
   5.0000000000000003e-02   5.0000000000000003e-02   5.0000000000000003e-02   5.0000000000000003e-02   5.0000000000000003e-02   5.0000000000000003e-02   5.0000000000000003e-02   5.0000000000000003e-02   5.5000000000000004e-01   5.0000000000000003e-02
   5.0000000000000003e-02   5.0000000000000003e-02   5.0000000000000003e-02   5.0000000000000003e-02   5.0000000000000003e-02   5.0000000000000003e-02   5.0000000000000003e-02   2.9999999999999999e-01   5.0000000000000003e-02   2.9999999999999999e-01
   5.0000000000000003e-02   5.0000000000000003e-02   5.0000000000000003e-02   5.0000000000000003e-02   5.0000000000000003e-02   5.0000000000000003e-02   5.0000000000000003e-02   2.9999999999999999e-01   2.9999999999999999e-01   5.0000000000000003e-02
   5.0000000000000003e-02   5.0000000000000003e-02   5.0000000000000003e-02   5.0000000000000003e-02   5.0000000000000003e-02   5.0000000000000003e-02   5.0000000000000003e-02   5.5000000000000004e-01   5.0000000000000003e-02   5.0000000000000003e-02
   5.0000000000000003e-02   5.0000000000000003e-02   5.0000000000000003e-02   5.0000000000000003e-02   5.0000000000000003e-02   5.0000000000000003e-02   2.9999999999999999e-01   5.0000000000000003e-02   5.0000000000000003e-02   2.9999999999999999e-01
   5.0000000000000003e-02   5.0000000000000003e-02   5.0000000000000003e-02   5.0000000000000003e-02   5.0000000000000003e-02   5.0000000000000003e-02   2.9999999999999999e-01   5.0000000000000003e-02   2.9999999999999999e-01   5.0000000000000003e-02
   5.0000000000000003e-02   5.0000000000000003e-02   5.0000000000000003e-02   5.0000000000000003e-02   5.0000000000000003e-02   5.0000000000000003e-02   2.9999999999999999e-01   2.9999999999999999e-01   5.0000000000000003e-02   5.0000000000000003e-02
   5.0000000000000003e-02   5.0000000000000003e-02   5.0000000000000003e-02   5.0000000000000003e-02   5.0000000000000003e-02   5.0000000000000003e-02   5.5000000000000004e-01   5.0000000000000003e-02   5.0000000000000003e-02   5.0000000000000003e-02
   5.0000000000000003e-02   5.0000000000000003e-02   5.0000000000000003e-02   5.0000000000000003e-02   5.0000000000000003e-02   2.9999999999999999e-01   5.0000000000000003e-02   5.0000000000000003e-02   5.0000000000000003e-02   2.9999999999999999e-01
   5.0000000000000003e-02   5.0000000000000003e-02   5.0000000000000003e-02   5.0000000000000003e-02   5.0000000000000003e-02   2.9999999999999999e-01   5.0000000000000003e-02   5.0000000000000003e-02   2.9999999999999999e-01   5.0000000000000003e-02
   5.0000000000000003e-02   5.0000000000000003e-02   5.0000000000000003e-02   5.0000000000000003e-02   5.0000000000000003e-02   2.9999999999999999e-01   5.0000000000000003e-02   2.9999999999999999e-01   5.0000000000000003e-02   5.0000000000000003e-02
   5.0000000000000003e-02   5.0000000000000003e-02   5.0000000000000003e-02   5.0000000000000003e-02   5.0000000000000003e-02   2.9999999999999999e-01   2.9999999999999999e-01   5.0000000000000003e-02   5.0000000000000003e-02   5.0000000000000003e-02
   5.0000000000000003e-02   5.0000000000000003e-02   5.0000000000000003e-02   5.0000000000000003e-02   5.0000000000000003e-02   5.5000000000000004e-01   5.0000000000000003e-02   5.0000000000000003e-02   5.0000000000000003e-02   5.0000000000000003e-02
   5.0000000000000003e-02   5.0000000000000003e-02   5.0000000000000003e-02   5.0000000000000003e-02   2.9999999999999999e-01   5.0000000000000003e-02   5.0000000000000003e-02   5.0000000000000003e-02   5.0000000000000003e-02   2.9999999999999999e-01
   5.0000000000000003e-02   5.0000000000000003e-02   5.0000000000000003e-02   5.0000000000000003e-02   2.9999999999999999e-01   5.0000000000000003e-02   5.0000000000000003e-02   5.0000000000000003e-02   2.9999999999999999e-01   5.0000000000000003e-02
   5.0000000000000003e-02   5.0000000000000003e-02   5.0000000000000003e-02   5.0000000000000003e-02   2.9999999999999999e-01   5.0000000000000003e-02   5.0000000000000003e-02   2.9999999999999999e-01   5.0000000000000003e-02   5.0000000000000003e-02
   5.0000000000000003e-02   5.0000000000000003e-02   5.0000000000000003e-02   5.0000000000000003e-02   2.9999999999999999e-01   5.0000000000000003e-02   2.9999999999999999e-01   5.0000000000000003e-02   5.0000000000000003e-02   5.0000000000000003e-02
   5.0000000000000003e-02   5.0000000000000003e-02   5.0000000000000003e-02   5.0000000000000003e-02   2.9999999999999999e-01   2.9999999999999999e-01   5.0000000000000003e-02   5.0000000000000003e-02   5.0000000000000003e-02   5.0000000000000003e-02
   5.0000000000000003e-02   5.0000000000000003e-02   5.0000000000000003e-02   5.0000000000000003e-02   5.5000000000000004e-01   5.0000000000000003e-02   5.0000000000000003e-02   5.0000000000000003e-02   5.0000000000000003e-02   5.0000000000000003e-02
   5.0000000000000003e-02   5.0000000000000003e-02   5.0000000000000003e-02   2.9999999999999999e-01   5.0000000000000003e-02   5.0000000000000003e-02   5.0000000000000003e-02   5.0000000000000003e-02   5.0000000000000003e-02   2.9999999999999999e-01
   5.0000000000000003e-02   5.0000000000000003e-02   5.0000000000000003e-02   2.9999999999999999e-01   5.0000000000000003e-02   5.0000000000000003e-02   5.0000000000000003e-02   5.0000000000000003e-02   2.9999999999999999e-01   5.0000000000000003e-02
   5.0000000000000003e-02   5.0000000000000003e-02   5.0000000000000003e-02   2.9999999999999999e-01   5.0000000000000003e-02   5.0000000000000003e-02   5.0000000000000003e-02   2.9999999999999999e-01   5.0000000000000003e-02   5.0000000000000003e-02
   5.0000000000000003e-02   5.0000000000000003e-02   5.0000000000000003e-02   2.9999999999999999e-01   5.0000000000000003e-02   5.0000000000000003e-02   2.9999999999999999e-01   5.0000000000000003e-02   5.0000000000000003e-02   5.0000000000000003e-02
   5.0000000000000003e-02   5.0000000000000003e-02   5.0000000000000003e-02   2.9999999999999999e-01   5.0000000000000003e-02   2.9999999999999999e-01   5.0000000000000003e-02   5.0000000000000003e-02   5.0000000000000003e-02   5.0000000000000003e-02
   5.0000000000000003e-02   5.0000000000000003e-02   5.0000000000000003e-02   2.9999999999999999e-01   2.9999999999999999e-01   5.0000000000000003e-02   5.0000000000000003e-02   5.0000000000000003e-02   5.0000000000000003e-02   5.0000000000000003e-02
   5.0000000000000003e-02   5.0000000000000003e-02   5.0000000000000003e-02   5.5000000000000004e-01   5.0000000000000003e-02   5.0000000000000003e-02   5.0000000000000003e-02   5.0000000000000003e-02   5.0000000000000003e-02   5.0000000000000003e-02
   5.0000000000000003e-02   5.0000000000000003e-02   2.9999999999999999e-01   5.0000000000000003e-02   5.0000000000000003e-02   5.0000000000000003e-02   5.0000000000000003e-02   5.0000000000000003e-02   5.0000000000000003e-02   2.9999999999999999e-01
   5.0000000000000003e-02   5.0000000000000003e-02   2.9999999999999999e-01   5.0000000000000003e-02   5.0000000000000003e-02   5.0000000000000003e-02   5.0000000000000003e-02   5.0000000000000003e-02   2.9999999999999999e-01   5.0000000000000003e-02
   5.0000000000000003e-02   5.0000000000000003e-02   2.9999999999999999e-01   5.0000000000000003e-02   5.0000000000000003e-02   5.0000000000000003e-02   5.0000000000000003e-02   2.9999999999999999e-01   5.0000000000000003e-02   5.0000000000000003e-02
   5.0000000000000003e-02   5.0000000000000003e-02   2.9999999999999999e-01   5.0000000000000003e-02   5.0000000000000003e-02   5.0000000000000003e-02   2.9999999999999999e-01   5.0000000000000003e-02   5.0000000000000003e-02   5.0000000000000003e-02
   5.0000000000000003e-02   5.0000000000000003e-02   2.9999999999999999e-01   5.0000000000000003e-02   5.0000000000000003e-02   2.9999999999999999e-01   5.0000000000000003e-02   5.0000000000000003e-02   5.0000000000000003e-02   5.0000000000000003e-02
   5.0000000000000003e-02   5.0000000000000003e-02   2.9999999999999999e-01   5.0000000000000003e-02   2.9999999999999999e-01   5.0000000000000003e-02   5.0000000000000003e-02   5.0000000000000003e-02   5.0000000000000003e-02   5.0000000000000003e-02
   5.0000000000000003e-02   5.0000000000000003e-02   2.9999999999999999e-01   2.9999999999999999e-01   5.0000000000000003e-02   5.0000000000000003e-02   5.0000000000000003e-02   5.0000000000000003e-02   5.0000000000000003e-02   5.0000000000000003e-02
   5.0000000000000003e-02   5.0000000000000003e-02   5.5000000000000004e-01   5.0000000000000003e-02   5.0000000000000003e-02   5.0000000000000003e-02   5.0000000000000003e-02   5.0000000000000003e-02   5.0000000000000003e-02   5.0000000000000003e-02
   5.0000000000000003e-02   2.9999999999999999e-01   5.0000000000000003e-02   5.0000000000000003e-02   5.0000000000000003e-02   5.0000000000000003e-02   5.0000000000000003e-02   5.0000000000000003e-02   5.0000000000000003e-02   2.9999999999999999e-01
   5.0000000000000003e-02   2.9999999999999999e-01   5.0000000000000003e-02   5.0000000000000003e-02   5.0000000000000003e-02   5.0000000000000003e-02   5.0000000000000003e-02   5.0000000000000003e-02   2.9999999999999999e-01   5.0000000000000003e-02
   5.0000000000000003e-02   2.9999999999999999e-01   5.0000000000000003e-02   5.0000000000000003e-02   5.0000000000000003e-02   5.0000000000000003e-02   5.0000000000000003e-02   2.9999999999999999e-01   5.0000000000000003e-02   5.0000000000000003e-02
   5.0000000000000003e-02   2.9999999999999999e-01   5.0000000000000003e-02   5.0000000000000003e-02   5.0000000000000003e-02   5.0000000000000003e-02   2.9999999999999999e-01   5.0000000000000003e-02   5.0000000000000003e-02   5.0000000000000003e-02
   5.0000000000000003e-02   2.9999999999999999e-01   5.0000000000000003e-02   5.0000000000000003e-02   5.0000000000000003e-02   2.9999999999999999e-01   5.0000000000000003e-02   5.0000000000000003e-02   5.0000000000000003e-02   5.0000000000000003e-02
   5.0000000000000003e-02   2.9999999999999999e-01   5.0000000000000003e-02   5.0000000000000003e-02   2.9999999999999999e-01   5.0000000000000003e-02   5.0000000000000003e-02   5.0000000000000003e-02   5.0000000000000003e-02   5.0000000000000003e-02
   5.0000000000000003e-02   2.9999999999999999e-01   5.0000000000000003e-02   2.9999999999999999e-01   5.0000000000000003e-02   5.0000000000000003e-02   5.0000000000000003e-02   5.0000000000000003e-02   5.0000000000000003e-02   5.0000000000000003e-02
   5.0000000000000003e-02   2.9999999999999999e-01   2.9999999999999999e-01   5.0000000000000003e-02   5.0000000000000003e-02   5.0000000000000003e-02   5.0000000000000003e-02   5.0000000000000003e-02   5.0000000000000003e-02   5.0000000000000003e-02
   5.0000000000000003e-02   5.5000000000000004e-01   5.0000000000000003e-02   5.0000000000000003e-02   5.0000000000000003e-02   5.0000000000000003e-02   5.0000000000000003e-02   5.0000000000000003e-02   5.0000000000000003e-02   5.0000000000000003e-02
   2.9999999999999999e-01   5.0000000000000003e-02   5.0000000000000003e-02   5.0000000000000003e-02   5.0000000000000003e-02   5.0000000000000003e-02   5.0000000000000003e-02   5.0000000000000003e-02   5.0000000000000003e-02   2.9999999999999999e-01
   2.9999999999999999e-01   5.0000000000000003e-02   5.0000000000000003e-02   5.0000000000000003e-02   5.0000000000000003e-02   5.0000000000000003e-02   5.0000000000000003e-02   5.0000000000000003e-02   2.9999999999999999e-01   5.0000000000000003e-02
   2.9999999999999999e-01   5.0000000000000003e-02   5.0000000000000003e-02   5.0000000000000003e-02   5.0000000000000003e-02   5.0000000000000003e-02   5.0000000000000003e-02   2.9999999999999999e-01   5.0000000000000003e-02   5.0000000000000003e-02
   2.9999999999999999e-01   5.0000000000000003e-02   5.0000000000000003e-02   5.0000000000000003e-02   5.0000000000000003e-02   5.0000000000000003e-02   2.9999999999999999e-01   5.0000000000000003e-02   5.0000000000000003e-02   5.0000000000000003e-02
   2.9999999999999999e-01   5.0000000000000003e-02   5.0000000000000003e-02   5.0000000000000003e-02   5.0000000000000003e-02   2.9999999999999999e-01   5.0000000000000003e-02   5.0000000000000003e-02   5.0000000000000003e-02   5.0000000000000003e-02
   2.9999999999999999e-01   5.0000000000000003e-02   5.0000000000000003e-02   5.0000000000000003e-02   2.9999999999999999e-01   5.0000000000000003e-02   5.0000000000000003e-02   5.0000000000000003e-02   5.0000000000000003e-02   5.0000000000000003e-02
   2.9999999999999999e-01   5.0000000000000003e-02   5.0000000000000003e-02   2.9999999999999999e-01   5.0000000000000003e-02   5.0000000000000003e-02   5.0000000000000003e-02   5.0000000000000003e-02   5.0000000000000003e-02   5.0000000000000003e-02
   2.9999999999999999e-01   5.0000000000000003e-02   2.9999999999999999e-01   5.0000000000000003e-02   5.0000000000000003e-02   5.0000000000000003e-02   5.0000000000000003e-02   5.0000000000000003e-02   5.0000000000000003e-02   5.0000000000000003e-02
   2.9999999999999999e-01   2.9999999999999999e-01   5.0000000000000003e-02   5.0000000000000003e-02   5.0000000000000003e-02   5.0000000000000003e-02   5.0000000000000003e-02   5.0000000000000003e-02   5.0000000000000003e-02   5.0000000000000003e-02
   5.5000000000000004e-01   5.0000000000000003e-02   5.0000000000000003e-02   5.0000000000000003e-02   5.0000000000000003e-02   5.0000000000000003e-02   5.0000000000000003e-02   5.0000000000000003e-02   5.0000000000000003e-02   5.0000000000000003e-02
