   0.0000000000000000e+00   0.0000000000000000e+00   1.0000000000000000e+00
   0.0000000000000000e+00   8.3333333333333329e-02   9.1666666666666663e-01
   0.0000000000000000e+00   1.6666666666666666e-01   8.3333333333333337e-01
   0.0000000000000000e+00   2.5000000000000000e-01   7.5000000000000000e-01
   0.0000000000000000e+00   3.3333333333333331e-01   6.6666666666666663e-01
   0.0000000000000000e+00   4.1666666666666669e-01   5.8333333333333337e-01
   0.0000000000000000e+00   5.0000000000000000e-01   5.0000000000000000e-01
   0.0000000000000000e+00   5.8333333333333337e-01   4.1666666666666669e-01
   0.0000000000000000e+00   6.6666666666666663e-01   3.3333333333333331e-01
   0.0000000000000000e+00   7.5000000000000000e-01   2.5000000000000000e-01
   0.0000000000000000e+00   8.3333333333333337e-01   1.6666666666666666e-01
   0.0000000000000000e+00   9.1666666666666663e-01   8.3333333333333329e-02
   0.0000000000000000e+00   1.0000000000000000e+00   0.0000000000000000e+00
   8.3333333333333329e-02   0.0000000000000000e+00   9.1666666666666663e-01
   8.3333333333333329e-02   8.3333333333333329e-02   8.3333333333333337e-01
   8.3333333333333329e-02   1.6666666666666666e-01   7.5000000000000000e-01
   8.3333333333333329e-02   2.5000000000000000e-01   6.6666666666666663e-01
   8.3333333333333329e-02   3.3333333333333331e-01   5.8333333333333337e-01
   8.3333333333333329e-02   4.1666666666666669e-01   5.0000000000000000e-01
   8.3333333333333329e-02   5.0000000000000000e-01   4.1666666666666669e-01
   8.3333333333333329e-02   5.8333333333333337e-01   3.3333333333333331e-01
   8.3333333333333329e-02   6.6666666666666663e-01   2.5000000000000000e-01
   8.3333333333333329e-02   7.5000000000000000e-01   1.6666666666666666e-01
   8.3333333333333329e-02   8.3333333333333337e-01   8.3333333333333329e-02
   8.3333333333333329e-02   9.1666666666666663e-01   0.0000000000000000e+00
   1.6666666666666666e-01   0.0000000000000000e+00   8.3333333333333337e-01
   1.6666666666666666e-01   8.3333333333333329e-02   7.5000000000000000e-01
   1.6666666666666666e-01   1.6666666666666666e-01   6.6666666666666663e-01
   1.6666666666666666e-01   2.5000000000000000e-01   5.8333333333333337e-01
   1.6666666666666666e-01   3.3333333333333331e-01   5.0000000000000000e-01
   1.6666666666666666e-01   4.1666666666666669e-01   4.1666666666666669e-01
   1.6666666666666666e-01   5.0000000000000000e-01   3.3333333333333331e-01
   1.6666666666666666e-01   5.8333333333333337e-01   2.5000000000000000e-01
   1.6666666666666666e-01   6.6666666666666663e-01   1.6666666666666666e-01
   1.6666666666666666e-01   7.5000000000000000e-01   8.3333333333333329e-02
   1.6666666666666666e-01   8.3333333333333337e-01   0.0000000000000000e+00
   2.5000000000000000e-01   0.0000000000000000e+00   7.5000000000000000e-01
   2.5000000000000000e-01   8.3333333333333329e-02   6.6666666666666663e-01
   2.5000000000000000e-01   1.6666666666666666e-01   5.8333333333333337e-01
   2.5000000000000000e-01   2.5000000000000000e-01   5.0000000000000000e-01
   2.5000000000000000e-01   3.3333333333333331e-01   4.1666666666666669e-01
   2.5000000000000000e-01   4.1666666666666669e-01   3.3333333333333331e-01
   2.5000000000000000e-01   5.0000000000000000e-01   2.5000000000000000e-01
   2.5000000000000000e-01   5.8333333333333337e-01   1.6666666666666666e-01
   2.5000000000000000e-01   6.6666666666666663e-01   8.3333333333333329e-02
   2.5000000000000000e-01   7.5000000000000000e-01   0.0000000000000000e+00
   3.3333333333333331e-01   0.0000000000000000e+00   6.6666666666666663e-01
   3.3333333333333331e-01   8.3333333333333329e-02   5.8333333333333337e-01
   3.3333333333333331e-01   1.6666666666666666e-01   5.0000000000000000e-01
   3.3333333333333331e-01   2.5000000000000000e-01   4.1666666666666669e-01
   3.3333333333333331e-01   3.3333333333333331e-01   3.3333333333333331e-01
   3.3333333333333331e-01   4.1666666666666669e-01   2.5000000000000000e-01
   3.3333333333333331e-01   5.0000000000000000e-01   1.6666666666666666e-01
   3.3333333333333331e-01   5.8333333333333337e-01   8.3333333333333329e-02
   3.3333333333333331e-01   6.6666666666666663e-01   0.0000000000000000e+00
   4.1666666666666669e-01   0.0000000000000000e+00   5.8333333333333337e-01
   4.1666666666666669e-01   8.3333333333333329e-02   5.0000000000000000e-01
   4.1666666666666669e-01   1.6666666666666666e-01   4.1666666666666669e-01
   4.1666666666666669e-01   2.5000000000000000e-01   3.3333333333333331e-01
   4.1666666666666669e-01   3.3333333333333331e-01   2.5000000000000000e-01
   4.1666666666666669e-01   4.1666666666666669e-01   1.6666666666666666e-01
   4.1666666666666669e-01   5.0000000000000000e-01   8.3333333333333329e-02
   4.1666666666666669e-01   5.8333333333333337e-01   0.0000000000000000e+00
   5.0000000000000000e-01   0.0000000000000000e+00   5.0000000000000000e-01
   5.0000000000000000e-01   8.3333333333333329e-02   4.1666666666666669e-01
   5.0000000000000000e-01   1.6666666666666666e-01   3.3333333333333331e-01
   5.0000000000000000e-01   2.5000000000000000e-01   2.5000000000000000e-01
   5.0000000000000000e-01   3.3333333333333331e-01   1.6666666666666666e-01
   5.0000000000000000e-01   4.1666666666666669e-01   8.3333333333333329e-02
   5.0000000000000000e-01   5.0000000000000000e-01   0.0000000000000000e+00
   5.8333333333333337e-01   0.0000000000000000e+00   4.1666666666666669e-01
   5.8333333333333337e-01   8.3333333333333329e-02   3.3333333333333331e-01
   5.8333333333333337e-01   1.6666666666666666e-01   2.5000000000000000e-01
   5.8333333333333337e-01   2.5000000000000000e-01   1.6666666666666666e-01
   5.8333333333333337e-01   3.3333333333333331e-01   8.3333333333333329e-02
   5.8333333333333337e-01   4.1666666666666669e-01   0.0000000000000000e+00
   6.6666666666666663e-01   0.0000000000000000e+00   3.3333333333333331e-01
   6.6666666666666663e-01   8.3333333333333329e-02   2.5000000000000000e-01
   6.6666666666666663e-01   1.6666666666666666e-01   1.6666666666666666e-01
   6.6666666666666663e-01   2.5000000000000000e-01   8.3333333333333329e-02
   6.6666666666666663e-01   3.3333333333333331e-01   0.0000000000000000e+00
   7.5000000000000000e-01   0.0000000000000000e+00   2.5000000000000000e-01
   7.5000000000000000e-01   8.3333333333333329e-02   1.6666666666666666e-01
   7.5000000000000000e-01   1.6666666666666666e-01   8.3333333333333329e-02
   7.5000000000000000e-01   2.5000000000000000e-01   0.0000000000000000e+00
   8.3333333333333337e-01   0.0000000000000000e+00   1.6666666666666666e-01
   8.3333333333333337e-01   8.3333333333333329e-02   8.3333333333333329e-02
   8.3333333333333337e-01   1.6666666666666666e-01   0.0000000000000000e+00
   9.1666666666666663e-01   0.0000000000000000e+00   8.3333333333333329e-02
   9.1666666666666663e-01   8.3333333333333329e-02   0.0000000000000000e+00
   1.0000000000000000e+00   0.0000000000000000e+00   0.0000000000000000e+00
