   0.0000000000000000e+00   0.0000000000000000e+00   0.0000000000000000e+00   0.0000000000000000e+00   0.0000000000000000e+00   0.0000000000000000e+00   0.0000000000000000e+00   1.0000000000000000e+00
   0.0000000000000000e+00   0.0000000000000000e+00   0.0000000000000000e+00   0.0000000000000000e+00   0.0000000000000000e+00   0.0000000000000000e+00   3.3333333333333331e-01   6.6666666666666663e-01
   0.0000000000000000e+00   0.0000000000000000e+00   0.0000000000000000e+00   0.0000000000000000e+00   0.0000000000000000e+00   0.0000000000000000e+00   6.6666666666666663e-01   3.3333333333333331e-01
   0.0000000000000000e+00   0.0000000000000000e+00   0.0000000000000000e+00   0.0000000000000000e+00   0.0000000000000000e+00   0.0000000000000000e+00   1.0000000000000000e+00   0.0000000000000000e+00
   0.0000000000000000e+00   0.0000000000000000e+00   0.0000000000000000e+00   0.0000000000000000e+00   0.0000000000000000e+00   3.3333333333333331e-01   0.0000000000000000e+00   6.6666666666666663e-01
   0.0000000000000000e+00   0.0000000000000000e+00   0.0000000000000000e+00   0.0000000000000000e+00   0.0000000000000000e+00   3.3333333333333331e-01   3.3333333333333331e-01   3.3333333333333331e-01
   0.0000000000000000e+00   0.0000000000000000e+00   0.0000000000000000e+00   0.0000000000000000e+00   0.0000000000000000e+00   3.3333333333333331e-01   6.6666666666666663e-01   0.0000000000000000e+00
   0.0000000000000000e+00   0.0000000000000000e+00   0.0000000000000000e+00   0.0000000000000000e+00   0.0000000000000000e+00   6.6666666666666663e-01   0.0000000000000000e+00   3.3333333333333331e-01
   0.0000000000000000e+00   0.0000000000000000e+00   0.0000000000000000e+00   0.0000000000000000e+00   0.0000000000000000e+00   6.6666666666666663e-01   3.3333333333333331e-01   0.0000000000000000e+00
   0.0000000000000000e+00   0.0000000000000000e+00   0.0000000000000000e+00   0.0000000000000000e+00   0.0000000000000000e+00   1.0000000000000000e+00   0.0000000000000000e+00   0.0000000000000000e+00
   0.0000000000000000e+00   0.0000000000000000e+00   0.0000000000000000e+00   0.0000000000000000e+00   3.3333333333333331e-01   0.0000000000000000e+00   0.0000000000000000e+00   6.6666666666666663e-01
   0.0000000000000000e+00   0.0000000000000000e+00   0.0000000000000000e+00   0.0000000000000000e+00   3.3333333333333331e-01   0.0000000000000000e+00   3.3333333333333331e-01   3.3333333333333331e-01
   0.0000000000000000e+00   0.0000000000000000e+00   0.0000000000000000e+00   0.0000000000000000e+00   3.3333333333333331e-01   0.0000000000000000e+00   6.6666666666666663e-01   0.0000000000000000e+00
   0.0000000000000000e+00   0.0000000000000000e+00   0.0000000000000000e+00   0.0000000000000000e+00   3.3333333333333331e-01   3.3333333333333331e-01   0.0000000000000000e+00   3.3333333333333331e-01
   0.0000000000000000e+00   0.0000000000000000e+00   0.0000000000000000e+00   0.0000000000000000e+00   3.3333333333333331e-01   3.3333333333333331e-01   3.3333333333333331e-01   0.0000000000000000e+00
   0.0000000000000000e+00   0.0000000000000000e+00   0.0000000000000000e+00   0.0000000000000000e+00   3.3333333333333331e-01   6.6666666666666663e-01   0.0000000000000000e+00   0.0000000000000000e+00
   0.0000000000000000e+00   0.0000000000000000e+00   0.0000000000000000e+00   0.0000000000000000e+00   6.6666666666666663e-01   0.0000000000000000e+00   0.0000000000000000e+00   3.3333333333333331e-01
   0.0000000000000000e+00   0.0000000000000000e+00   0.0000000000000000e+00   0.0000000000000000e+00   6.6666666666666663e-01   0.0000000000000000e+00   3.3333333333333331e-01   0.0000000000000000e+00
   0.0000000000000000e+00   0.0000000000000000e+00   0.0000000000000000e+00   0.0000000000000000e+00   6.6666666666666663e-01   3.3333333333333331e-01   0.0000000000000000e+00   0.0000000000000000e+00
   0.0000000000000000e+00   0.0000000000000000e+00   0.0000000000000000e+00   0.0000000000000000e+00   1.0000000000000000e+00   0.0000000000000000e+00   0.0000000000000000e+00   0.0000000000000000e+00
   0.0000000000000000e+00   0.0000000000000000e+00   0.0000000000000000e+00   3.3333333333333331e-01   0.0000000000000000e+00   0.0000000000000000e+00   0.0000000000000000e+00   6.6666666666666663e-01
   0.0000000000000000e+00   0.0000000000000000e+00   0.0000000000000000e+00   3.3333333333333331e-01   0.0000000000000000e+00   0.0000000000000000e+00   3.3333333333333331e-01   3.3333333333333331e-01
   0.0000000000000000e+00   0.0000000000000000e+00   0.0000000000000000e+00   3.3333333333333331e-01   0.0000000000000000e+00   0.0000000000000000e+00   6.6666666666666663e-01   0.0000000000000000e+00
   0.0000000000000000e+00   0.0000000000000000e+00   0.0000000000000000e+00   3.3333333333333331e-01   0.0000000000000000e+00   3.3333333333333331e-01   0.0000000000000000e+00   3.3333333333333331e-01
   0.0000000000000000e+00   0.0000000000000000e+00   0.0000000000000000e+00   3.3333333333333331e-01   0.0000000000000000e+00   3.3333333333333331e-01   3.3333333333333331e-01   0.0000000000000000e+00
   0.0000000000000000e+00   0.0000000000000000e+00   0.0000000000000000e+00   3.3333333333333331e-01   0.0000000000000000e+00   6.6666666666666663e-01   0.0000000000000000e+00   0.0000000000000000e+00
   0.0000000000000000e+00   0.0000000000000000e+00   0.0000000000000000e+00   3.3333333333333331e-01   3.3333333333333331e-01   0.0000000000000000e+00   0.0000000000000000e+00   3.3333333333333331e-01
   0.0000000000000000e+00   0.0000000000000000e+00   0.0000000000000000e+00   3.3333333333333331e-01   3.3333333333333331e-01   0.0000000000000000e+00   3.3333333333333331e-01   0.0000000000000000e+00
   0.0000000000000000e+00   0.0000000000000000e+00   0.0000000000000000e+00   3.3333333333333331e-01   3.3333333333333331e-01   3.3333333333333331e-01   0.0000000000000000e+00   0.0000000000000000e+00
   0.0000000000000000e+00   0.0000000000000000e+00   0.0000000000000000e+00   3.3333333333333331e-01   6.6666666666666663e-01   0.0000000000000000e+00   0.0000000000000000e+00   0.0000000000000000e+00
   0.0000000000000000e+00   0.0000000000000000e+00   0.0000000000000000e+00   6.6666666666666663e-01   0.0000000000000000e+00   0.0000000000000000e+00   0.0000000000000000e+00   3.3333333333333331e-01
   0.0000000000000000e+00   0.0000000000000000e+00   0.0000000000000000e+00   6.6666666666666663e-01   0.0000000000000000e+00   0.0000000000000000e+00   3.3333333333333331e-01   0.0000000000000000e+00
   0.0000000000000000e+00   0.0000000000000000e+00   0.0000000000000000e+00   6.6666666666666663e-01   0.0000000000000000e+00   3.3333333333333331e-01   0.0000000000000000e+00   0.0000000000000000e+00
   0.0000000000000000e+00   0.0000000000000000e+00   0.0000000000000000e+00   6.6666666666666663e-01   3.3333333333333331e-01   0.0000000000000000e+00   0.0000000000000000e+00   0.0000000000000000e+00
   0.0000000000000000e+00   0.0000000000000000e+00   0.0000000000000000e+00   1.0000000000000000e+00   0.0000000000000000e+00   0.0000000000000000e+00   0.0000000000000000e+00   0.0000000000000000e+00
   0.0000000000000000e+00   0.0000000000000000e+00   3.3333333333333331e-01   0.0000000000000000e+00   0.0000000000000000e+00   0.0000000000000000e+00   0.0000000000000000e+00   6.6666666666666663e-01
   0.0000000000000000e+00   0.0000000000000000e+00   3.3333333333333331e-01   0.0000000000000000e+00   0.0000000000000000e+00   0.0000000000000000e+00   3.3333333333333331e-01   3.3333333333333331e-01
   0.0000000000000000e+00   0.0000000000000000e+00   3.3333333333333331e-01   0.0000000000000000e+00   0.0000000000000000e+00   0.0000000000000000e+00   6.6666666666666663e-01   0.0000000000000000e+00
   0.0000000000000000e+00   0.0000000000000000e+00   3.3333333333333331e-01   0.0000000000000000e+00   0.0000000000000000e+00   3.3333333333333331e-01   0.0000000000000000e+00   3.3333333333333331e-01
   0.0000000000000000e+00   0.0000000000000000e+00   3.3333333333333331e-01   0.0000000000000000e+00   0.0000000000000000e+00   3.3333333333333331e-01   3.3333333333333331e-01   0.0000000000000000e+00
   0.0000000000000000e+00   0.0000000000000000e+00   3.3333333333333331e-01   0.0000000000000000e+00   0.0000000000000000e+00   6.6666666666666663e-01   0.0000000000000000e+00   0.0000000000000000e+00
   0.0000000000000000e+00   0.0000000000000000e+00   3.3333333333333331e-01   0.0000000000000000e+00   3.3333333333333331e-01   0.0000000000000000e+00   0.0000000000000000e+00   3.3333333333333331e-01
   0.0000000000000000e+00   0.0000000000000000e+00   3.3333333333333331e-01   0.0000000000000000e+00   3.3333333333333331e-01   0.0000000000000000e+00   3.3333333333333331e-01   0.0000000000000000e+00
   0.0000000000000000e+00   0.0000000000000000e+00   3.3333333333333331e-01   0.0000000000000000e+00   3.3333333333333331e-01   3.3333333333333331e-01   0.0000000000000000e+00   0.0000000000000000e+00
   0.0000000000000000e+00   0.0000000000000000e+00   3.3333333333333331e-01   0.0000000000000000e+00   6.6666666666666663e-01   0.0000000000000000e+00   0.0000000000000000e+00   0.0000000000000000e+00
   0.0000000000000000e+00   0.0000000000000000e+00   3.3333333333333331e-01   3.3333333333333331e-01   0.0000000000000000e+00   0.0000000000000000e+00   0.0000000000000000e+00   3.3333333333333331e-01
   0.0000000000000000e+00   0.0000000000000000e+00   3.3333333333333331e-01   3.3333333333333331e-01   0.0000000000000000e+00   0.0000000000000000e+00   3.3333333333333331e-01   0.0000000000000000e+00
   0.0000000000000000e+00   0.0000000000000000e+00   3.3333333333333331e-01   3.3333333333333331e-01   0.0000000000000000e+00   3.3333333333333331e-01   0.0000000000000000e+00   0.0000000000000000e+00
   0.0000000000000000e+00   0.0000000000000000e+00   3.3333333333333331e-01   3.3333333333333331e-01   3.3333333333333331e-01   0.0000000000000000e+00   0.0000000000000000e+00   0.0000000000000000e+00
   0.0000000000000000e+00   0.0000000000000000e+00   3.3333333333333331e-01   6.6666666666666663e-01   0.0000000000000000e+00   0.0000000000000000e+00   0.0000000000000000e+00   0.0000000000000000e+00
   0.0000000000000000e+00   0.0000000000000000e+00   6.6666666666666663e-01   0.0000000000000000e+00   0.0000000000000000e+00   0.0000000000000000e+00   0.0000000000000000e+00   3.3333333333333331e-01
   0.0000000000000000e+00   0.0000000000000000e+00   6.6666666666666663e-01   0.0000000000000000e+00   0.0000000000000000e+00   0.0000000000000000e+00   3.3333333333333331e-01   0.0000000000000000e+00
   0.0000000000000000e+00   0.0000000000000000e+00   6.6666666666666663e-01   0.0000000000000000e+00   0.0000000000000000e+00   3.3333333333333331e-01   0.0000000000000000e+00   0.0000000000000000e+00
   0.0000000000000000e+00   0.0000000000000000e+00   6.6666666666666663e-01   0.0000000000000000e+00   3.3333333333333331e-01   0.0000000000000000e+00   0.0000000000000000e+00   0.0000000000000000e+00
   0.0000000000000000e+00   0.0000000000000000e+00   6.6666666666666663e-01   3.3333333333333331e-01   0.0000000000000000e+00   0.0000000000000000e+00   0.0000000000000000e+00   0.0000000000000000e+00
   0.0000000000000000e+00   0.0000000000000000e+00   1.0000000000000000e+00   0.0000000000000000e+00   0.0000000000000000e+00   0.0000000000000000e+00   0.0000000000000000e+00   0.0000000000000000e+00
   0.0000000000000000e+00   3.3333333333333331e-01   0.0000000000000000e+00   0.0000000000000000e+00   0.0000000000000000e+00   0.0000000000000000e+00   0.0000000000000000e+00   6.6666666666666663e-01
   0.0000000000000000e+00   3.3333333333333331e-01   0.0000000000000000e+00   0.0000000000000000e+00   0.0000000000000000e+00   0.0000000000000000e+00   3.3333333333333331e-01   3.3333333333333331e-01
   0.0000000000000000e+00   3.3333333333333331e-01   0.0000000000000000e+00   0.0000000000000000e+00   0.0000000000000000e+00   0.0000000000000000e+00   6.6666666666666663e-01   0.0000000000000000e+00
   0.0000000000000000e+00   3.3333333333333331e-01   0.0000000000000000e+00   0.0000000000000000e+00   0.0000000000000000e+00   3.3333333333333331e-01   0.0000000000000000e+00   3.3333333333333331e-01
   0.0000000000000000e+00   3.3333333333333331e-01   0.0000000000000000e+00   0.0000000000000000e+00   0.0000000000000000e+00   3.3333333333333331e-01   3.3333333333333331e-01   0.0000000000000000e+00
   0.0000000000000000e+00   3.3333333333333331e-01   0.0000000000000000e+00   0.0000000000000000e+00   0.0000000000000000e+00   6.6666666666666663e-01   0.0000000000000000e+00   0.0000000000000000e+00
   0.0000000000000000e+00   3.3333333333333331e-01   0.0000000000000000e+00   0.0000000000000000e+00   3.3333333333333331e-01   0.0000000000000000e+00   0.0000000000000000e+00   3.3333333333333331e-01
   0.0000000000000000e+00   3.3333333333333331e-01   0.0000000000000000e+00   0.0000000000000000e+00   3.3333333333333331e-01   0.0000000000000000e+00   3.3333333333333331e-01   0.0000000000000000e+00
   0.0000000000000000e+00   3.3333333333333331e-01   0.0000000000000000e+00   0.0000000000000000e+00   3.3333333333333331e-01   3.3333333333333331e-01   0.0000000000000000e+00   0.0000000000000000e+00
   0.0000000000000000e+00   3.3333333333333331e-01   0.0000000000000000e+00   0.0000000000000000e+00   6.6666666666666663e-01   0.0000000000000000e+00   0.0000000000000000e+00   0.0000000000000000e+00
   0.0000000000000000e+00   3.3333333333333331e-01   0.0000000000000000e+00   3.3333333333333331e-01   0.0000000000000000e+00   0.0000000000000000e+00   0.0000000000000000e+00   3.3333333333333331e-01
   0.0000000000000000e+00   3.3333333333333331e-01   0.0000000000000000e+00   3.3333333333333331e-01   0.0000000000000000e+00   0.0000000000000000e+00   3.3333333333333331e-01   0.0000000000000000e+00
   0.0000000000000000e+00   3.3333333333333331e-01   0.0000000000000000e+00   3.3333333333333331e-01   0.0000000000000000e+00   3.3333333333333331e-01   0.0000000000000000e+00   0.0000000000000000e+00
   0.0000000000000000e+00   3.3333333333333331e-01   0.0000000000000000e+00   3.3333333333333331e-01   3.3333333333333331e-01   0.0000000000000000e+00   0.0000000000000000e+00   0.0000000000000000e+00
   0.0000000000000000e+00   3.3333333333333331e-01   0.0000000000000000e+00   6.6666666666666663e-01   0.0000000000000000e+00   0.0000000000000000e+00   0.0000000000000000e+00   0.0000000000000000e+00
   0.0000000000000000e+00   3.3333333333333331e-01   3.3333333333333331e-01   0.0000000000000000e+00   0.0000000000000000e+00   0.0000000000000000e+00   0.0000000000000000e+00   3.3333333333333331e-01
   0.0000000000000000e+00   3.3333333333333331e-01   3.3333333333333331e-01   0.0000000000000000e+00   0.0000000000000000e+00   0.0000000000000000e+00   3.3333333333333331e-01   0.0000000000000000e+00
   0.0000000000000000e+00   3.3333333333333331e-01   3.3333333333333331e-01   0.0000000000000000e+00   0.0000000000000000e+00   3.3333333333333331e-01   0.0000000000000000e+00   0.0000000000000000e+00
   0.0000000000000000e+00   3.3333333333333331e-01   3.3333333333333331e-01   0.0000000000000000e+00   3.3333333333333331e-01   0.0000000000000000e+00   0.0000000000000000e+00   0.0000000000000000e+00
   0.0000000000000000e+00   3.3333333333333331e-01   3.3333333333333331e-01   3.3333333333333331e-01   0.0000000000000000e+00   0.0000000000000000e+00   0.0000000000000000e+00   0.0000000000000000e+00
   0.0000000000000000e+00   3.3333333333333331e-01   6.6666666666666663e-01   0.0000000000000000e+00   0.0000000000000000e+00   0.0000000000000000e+00   0.0000000000000000e+00   0.0000000000000000e+00
   0.0000000000000000e+00   6.6666666666666663e-01   0.0000000000000000e+00   0.0000000000000000e+00   0.0000000000000000e+00   0.0000000000000000e+00   0.0000000000000000e+00   3.3333333333333331e-01
   0.0000000000000000e+00   6.6666666666666663e-01   0.0000000000000000e+00   0.0000000000000000e+00   0.0000000000000000e+00   0.0000000000000000e+00   3.3333333333333331e-01   0.0000000000000000e+00
   0.0000000000000000e+00   6.6666666666666663e-01   0.0000000000000000e+00   0.0000000000000000e+00   0.0000000000000000e+00   3.3333333333333331e-01   0.0000000000000000e+00   0.0000000000000000e+00
   0.0000000000000000e+00   6.6666666666666663e-01   0.0000000000000000e+00   0.0000000000000000e+00   3.3333333333333331e-01   0.0000000000000000e+00   0.0000000000000000e+00   0.0000000000000000e+00
   0.0000000000000000e+00   6.6666666666666663e-01   0.0000000000000000e+00   3.3333333333333331e-01   0.0000000000000000e+00   0.0000000000000000e+00   0.0000000000000000e+00   0.0000000000000000e+00
   0.0000000000000000e+00   6.6666666666666663e-01   3.3333333333333331e-01   0.0000000000000000e+00   0.0000000000000000e+00   0.0000000000000000e+00   0.0000000000000000e+00   0.0000000000000000e+00
   0.0000000000000000e+00   1.0000000000000000e+00   0.0000000000000000e+00   0.0000000000000000e+00   0.0000000000000000e+00   0.0000000000000000e+00   0.0000000000000000e+00   0.0000000000000000e+00
   3.3333333333333331e-01   0.0000000000000000e+00   0.0000000000000000e+00   0.0000000000000000e+00   0.0000000000000000e+00   0.0000000000000000e+00   0.0000000000000000e+00   6.6666666666666663e-01
   3.3333333333333331e-01   0.0000000000000000e+00   0.0000000000000000e+00   0.0000000000000000e+00   0.0000000000000000e+00   0.0000000000000000e+00   3.3333333333333331e-01   3.3333333333333331e-01
   3.3333333333333331e-01   0.0000000000000000e+00   0.0000000000000000e+00   0.0000000000000000e+00   0.0000000000000000e+00   0.0000000000000000e+00   6.6666666666666663e-01   0.0000000000000000e+00
   3.3333333333333331e-01   0.0000000000000000e+00   0.0000000000000000e+00   0.0000000000000000e+00   0.0000000000000000e+00   3.3333333333333331e-01   0.0000000000000000e+00   3.3333333333333331e-01
   3.3333333333333331e-01   0.0000000000000000e+00   0.0000000000000000e+00   0.0000000000000000e+00   0.0000000000000000e+00   3.3333333333333331e-01   3.3333333333333331e-01   0.0000000000000000e+00
   3.3333333333333331e-01   0.0000000000000000e+00   0.0000000000000000e+00   0.0000000000000000e+00   0.0000000000000000e+00   6.6666666666666663e-01   0.0000000000000000e+00   0.0000000000000000e+00
   3.3333333333333331e-01   0.0000000000000000e+00   0.0000000000000000e+00   0.0000000000000000e+00   3.3333333333333331e-01   0.0000000000000000e+00   0.0000000000000000e+00   3.3333333333333331e-01
   3.3333333333333331e-01   0.0000000000000000e+00   0.0000000000000000e+00   0.0000000000000000e+00   3.3333333333333331e-01   0.0000000000000000e+00   3.3333333333333331e-01   0.0000000000000000e+00
   3.3333333333333331e-01   0.0000000000000000e+00   0.0000000000000000e+00   0.0000000000000000e+00   3.3333333333333331e-01   3.3333333333333331e-01   0.0000000000000000e+00   0.0000000000000000e+00
   3.3333333333333331e-01   0.0000000000000000e+00   0.0000000000000000e+00   0.0000000000000000e+00   6.6666666666666663e-01   0.0000000000000000e+00   0.0000000000000000e+00   0.0000000000000000e+00
   3.3333333333333331e-01   0.0000000000000000e+00   0.0000000000000000e+00   3.3333333333333331e-01   0.0000000000000000e+00   0.0000000000000000e+00   0.0000000000000000e+00   3.3333333333333331e-01
   3.3333333333333331e-01   0.0000000000000000e+00   0.0000000000000000e+00   3.3333333333333331e-01   0.0000000000000000e+00   0.0000000000000000e+00   3.3333333333333331e-01   0.0000000000000000e+00
   3.3333333333333331e-01   0.0000000000000000e+00   0.0000000000000000e+00   3.3333333333333331e-01   0.0000000000000000e+00   3.3333333333333331e-01   0.0000000000000000e+00   0.0000000000000000e+00
   3.3333333333333331e-01   0.0000000000000000e+00   0.0000000000000000e+00   3.3333333333333331e-01   3.3333333333333331e-01   0.0000000000000000e+00   0.0000000000000000e+00   0.0000000000000000e+00
   3.3333333333333331e-01   0.0000000000000000e+00   0.0000000000000000e+00   6.6666666666666663e-01   0.0000000000000000e+00   0.0000000000000000e+00   0.0000000000000000e+00   0.0000000000000000e+00
   3.3333333333333331e-01   0.0000000000000000e+00   3.3333333333333331e-01   0.0000000000000000e+00   0.0000000000000000e+00   0.0000000000000000e+00   0.0000000000000000e+00   3.3333333333333331e-01
   3.3333333333333331e-01   0.0000000000000000e+00   3.3333333333333331e-01   0.0000000000000000e+00   0.0000000000000000e+00   0.0000000000000000e+00   3.3333333333333331e-01   0.0000000000000000e+00
   3.3333333333333331e-01   0.0000000000000000e+00   3.3333333333333331e-01   0.0000000000000000e+00   0.0000000000000000e+00   3.3333333333333331e-01   0.0000000000000000e+00   0.0000000000000000e+00
   3.3333333333333331e-01   0.0000000000000000e+00   3.3333333333333331e-01   0.0000000000000000e+00   3.3333333333333331e-01   0.0000000000000000e+00   0.0000000000000000e+00   0.0000000000000000e+00
   3.3333333333333331e-01   0.0000000000000000e+00   3.3333333333333331e-01   3.3333333333333331e-01   0.0000000000000000e+00   0.0000000000000000e+00   0.0000000000000000e+00   0.0000000000000000e+00
   3.3333333333333331e-01   0.0000000000000000e+00   6.6666666666666663e-01   0.0000000000000000e+00   0.0000000000000000e+00   0.0000000000000000e+00   0.0000000000000000e+00   0.0000000000000000e+00
   3.3333333333333331e-01   3.3333333333333331e-01   0.0000000000000000e+00   0.0000000000000000e+00   0.0000000000000000e+00   0.0000000000000000e+00   0.0000000000000000e+00   3.3333333333333331e-01
   3.3333333333333331e-01   3.3333333333333331e-01   0.0000000000000000e+00   0.0000000000000000e+00   0.0000000000000000e+00   0.0000000000000000e+00   3.3333333333333331e-01   0.0000000000000000e+00
   3.3333333333333331e-01   3.3333333333333331e-01   0.0000000000000000e+00   0.0000000000000000e+00   0.0000000000000000e+00   3.3333333333333331e-01   0.0000000000000000e+00   0.0000000000000000e+00
   3.3333333333333331e-01   3.3333333333333331e-01   0.0000000000000000e+00   0.0000000000000000e+00   3.3333333333333331e-01   0.0000000000000000e+00   0.0000000000000000e+00   0.0000000000000000e+00
   3.3333333333333331e-01   3.3333333333333331e-01   0.0000000000000000e+00   3.3333333333333331e-01   0.0000000000000000e+00   0.0000000000000000e+00   0.0000000000000000e+00   0.0000000000000000e+00
   3.3333333333333331e-01   3.3333333333333331e-01   3.3333333333333331e-01   0.0000000000000000e+00   0.0000000000000000e+00   0.0000000000000000e+00   0.0000000000000000e+00   0.0000000000000000e+00
   3.3333333333333331e-01   6.6666666666666663e-01   0.0000000000000000e+00   0.0000000000000000e+00   0.0000000000000000e+00   0.0000000000000000e+00   0.0000000000000000e+00   0.0000000000000000e+00
   6.6666666666666663e-01   0.0000000000000000e+00   0.0000000000000000e+00   0.0000000000000000e+00   0.0000000000000000e+00   0.0000000000000000e+00   0.0000000000000000e+00   3.3333333333333331e-01
   6.6666666666666663e-01   0.0000000000000000e+00   0.0000000000000000e+00   0.0000000000000000e+00   0.0000000000000000e+00   0.0000000000000000e+00   3.3333333333333331e-01   0.0000000000000000e+00
   6.6666666666666663e-01   0.0000000000000000e+00   0.0000000000000000e+00   0.0000000000000000e+00   0.0000000000000000e+00   3.3333333333333331e-01   0.0000000000000000e+00   0.0000000000000000e+00
   6.6666666666666663e-01   0.0000000000000000e+00   0.0000000000000000e+00   0.0000000000000000e+00   3.3333333333333331e-01   0.0000000000000000e+00   0.0000000000000000e+00   0.0000000000000000e+00
   6.6666666666666663e-01   0.0000000000000000e+00   0.0000000000000000e+00   3.3333333333333331e-01   0.0000000000000000e+00   0.0000000000000000e+00   0.0000000000000000e+00   0.0000000000000000e+00
   6.6666666666666663e-01   0.0000000000000000e+00   3.3333333333333331e-01   0.0000000000000000e+00   0.0000000000000000e+00   0.0000000000000000e+00   0.0000000000000000e+00   0.0000000000000000e+00
   6.6666666666666663e-01   3.3333333333333331e-01   0.0000000000000000e+00   0.0000000000000000e+00   0.0000000000000000e+00   0.0000000000000000e+00   0.0000000000000000e+00   0.0000000000000000e+00
   1.0000000000000000e+00   0.0000000000000000e+00   0.0000000000000000e+00   0.0000000000000000e+00   0.0000000000000000e+00   0.0000000000000000e+00   0.0000000000000000e+00   0.0000000000000000e+00
   6.2500000000000000e-02   6.2500000000000000e-02   6.2500000000000000e-02   6.2500000000000000e-02   6.2500000000000000e-02   6.2500000000000000e-02   6.2500000000000000e-02   5.6250000000000000e-01
   6.2500000000000000e-02   6.2500000000000000e-02   6.2500000000000000e-02   6.2500000000000000e-02   6.2500000000000000e-02   6.2500000000000000e-02   3.1250000000000000e-01   3.1250000000000000e-01
   6.2500000000000000e-02   6.2500000000000000e-02   6.2500000000000000e-02   6.2500000000000000e-02   6.2500000000000000e-02   6.2500000000000000e-02   5.6250000000000000e-01   6.2500000000000000e-02
   6.2500000000000000e-02   6.2500000000000000e-02   6.2500000000000000e-02   6.2500000000000000e-02   6.2500000000000000e-02   3.1250000000000000e-01   6.2500000000000000e-02   3.1250000000000000e-01
   6.2500000000000000e-02   6.2500000000000000e-02   6.2500000000000000e-02   6.2500000000000000e-02   6.2500000000000000e-02   3.1250000000000000e-01   3.1250000000000000e-01   6.2500000000000000e-02
   6.2500000000000000e-02   6.2500000000000000e-02   6.2500000000000000e-02   6.2500000000000000e-02   6.2500000000000000e-02   5.6250000000000000e-01   6.2500000000000000e-02   6.2500000000000000e-02
   6.2500000000000000e-02   6.2500000000000000e-02   6.2500000000000000e-02   6.2500000000000000e-02   3.1250000000000000e-01   6.2500000000000000e-02   6.2500000000000000e-02   3.1250000000000000e-01
   6.2500000000000000e-02   6.2500000000000000e-02   6.2500000000000000e-02   6.2500000000000000e-02   3.1250000000000000e-01   6.2500000000000000e-02   3.1250000000000000e-01   6.2500000000000000e-02
   6.2500000000000000e-02   6.2500000000000000e-02   6.2500000000000000e-02   6.2500000000000000e-02   3.1250000000000000e-01   3.1250000000000000e-01   6.2500000000000000e-02   6.2500000000000000e-02
   6.2500000000000000e-02   6.2500000000000000e-02   6.2500000000000000e-02   6.2500000000000000e-02   5.6250000000000000e-01   6.2500000000000000e-02   6.2500000000000000e-02   6.2500000000000000e-02
   6.2500000000000000e-02   6.2500000000000000e-02   6.2500000000000000e-02   3.1250000000000000e-01   6.2500000000000000e-02   6.2500000000000000e-02   6.2500000000000000e-02   3.1250000000000000e-01
   6.2500000000000000e-02   6.2500000000000000e-02   6.2500000000000000e-02   3.1250000000000000e-01   6.2500000000000000e-02   6.2500000000000000e-02   3.1250000000000000e-01   6.2500000000000000e-02
   6.2500000000000000e-02   6.2500000000000000e-02   6.2500000000000000e-02   3.1250000000000000e-01   6.2500000000000000e-02   3.1250000000000000e-01   6.2500000000000000e-02   6.2500000000000000e-02
   6.2500000000000000e-02   6.2500000000000000e-02   6.2500000000000000e-02   3.1250000000000000e-01   3.1250000000000000e-01   6.2500000000000000e-02   6.2500000000000000e-02   6.2500000000000000e-02
   6.2500000000000000e-02   6.2500000000000000e-02   6.2500000000000000e-02   5.6250000000000000e-01   6.2500000000000000e-02   6.2500000000000000e-02   6.2500000000000000e-02   6.2500000000000000e-02
   6.2500000000000000e-02   6.2500000000000000e-02   3.1250000000000000e-01   6.2500000000000000e-02   6.2500000000000000e-02   6.2500000000000000e-02   6.2500000000000000e-02   3.1250000000000000e-01
   6.2500000000000000e-02   6.2500000000000000e-02   3.1250000000000000e-01   6.2500000000000000e-02   6.2500000000000000e-02   6.2500000000000000e-02   3.1250000000000000e-01   6.2500000000000000e-02
   6.2500000000000000e-02   6.2500000000000000e-02   3.1250000000000000e-01   6.2500000000000000e-02   6.2500000000000000e-02   3.1250000000000000e-01   6.2500000000000000e-02   6.2500000000000000e-02
   6.2500000000000000e-02   6.2500000000000000e-02   3.1250000000000000e-01   6.2500000000000000e-02   3.1250000000000000e-01   6.2500000000000000e-02   6.2500000000000000e-02   6.2500000000000000e-02
   6.2500000000000000e-02   6.2500000000000000e-02   3.1250000000000000e-01   3.1250000000000000e-01   6.2500000000000000e-02   6.2500000000000000e-02   6.2500000000000000e-02   6.2500000000000000e-02
   6.2500000000000000e-02   6.2500000000000000e-02   5.6250000000000000e-01   6.2500000000000000e-02   6.2500000000000000e-02   6.2500000000000000e-02   6.2500000000000000e-02   6.2500000000000000e-02
   6.2500000000000000e-02   3.1250000000000000e-01   6.2500000000000000e-02   6.2500000000000000e-02   6.2500000000000000e-02   6.2500000000000000e-02   6.2500000000000000e-02   3.1250000000000000e-01
   6.2500000000000000e-02   3.1250000000000000e-01   6.2500000000000000e-02   6.2500000000000000e-02   6.2500000000000000e-02   6.2500000000000000e-02   3.1250000000000000e-01   6.2500000000000000e-02
   6.2500000000000000e-02   3.1250000000000000e-01   6.2500000000000000e-02   6.2500000000000000e-02   6.2500000000000000e-02   3.1250000000000000e-01   6.2500000000000000e-02   6.2500000000000000e-02
   6.2500000000000000e-02   3.1250000000000000e-01   6.2500000000000000e-02   6.2500000000000000e-02   3.1250000000000000e-01   6.2500000000000000e-02   6.2500000000000000e-02   6.2500000000000000e-02
   6.2500000000000000e-02   3.1250000000000000e-01   6.2500000000000000e-02   3.1250000000000000e-01   6.2500000000000000e-02   6.2500000000000000e-02   6.2500000000000000e-02   6.2500000000000000e-02
   6.2500000000000000e-02   3.1250000000000000e-01   3.1250000000000000e-01   6.2500000000000000e-02   6.2500000000000000e-02   6.2500000000000000e-02   6.2500000000000000e-02   6.2500000000000000e-02
   6.2500000000000000e-02   5.6250000000000000e-01   6.2500000000000000e-02   6.2500000000000000e-02   6.2500000000000000e-02   6.2500000000000000e-02   6.2500000000000000e-02   6.2500000000000000e-02
   3.1250000000000000e-01   6.2500000000000000e-02   6.2500000000000000e-02   6.2500000000000000e-02   6.2500000000000000e-02   6.2500000000000000e-02   6.2500000000000000e-02   3.1250000000000000e-01
   3.1250000000000000e-01   6.2500000000000000e-02   6.2500000000000000e-02   6.2500000000000000e-02   6.2500000000000000e-02   6.2500000000000000e-02   3.1250000000000000e-01   6.2500000000000000e-02
   3.1250000000000000e-01   6.2500000000000000e-02   6.2500000000000000e-02   6.2500000000000000e-02   6.2500000000000000e-02   3.1250000000000000e-01   6.2500000000000000e-02   6.2500000000000000e-02
   3.1250000000000000e-01   6.2500000000000000e-02   6.2500000000000000e-02   6.2500000000000000e-02   3.1250000000000000e-01   6.2500000000000000e-02   6.2500000000000000e-02   6.2500000000000000e-02
   3.1250000000000000e-01   6.2500000000000000e-02   6.2500000000000000e-02   3.1250000000000000e-01   6.2500000000000000e-02   6.2500000000000000e-02   6.2500000000000000e-02   6.2500000000000000e-02
   3.1250000000000000e-01   6.2500000000000000e-02   3.1250000000000000e-01   6.2500000000000000e-02   6.2500000000000000e-02   6.2500000000000000e-02   6.2500000000000000e-02   6.2500000000000000e-02
   3.1250000000000000e-01   3.1250000000000000e-01   6.2500000000000000e-02   6.2500000000000000e-02   6.2500000000000000e-02   6.2500000000000000e-02   6.2500000000000000e-02   6.2500000000000000e-02
   5.6250000000000000e-01   6.2500000000000000e-02   6.2500000000000000e-02   6.2500000000000000e-02   6.2500000000000000e-02   6.2500000000000000e-02   6.2500000000000000e-02   6.2500000000000000e-02
